   6.5312499000000002e-01   1.2485249000000000e+00
   6.5001127999999997e-01   1.2500000000000000e+00
   6.5001127999999997e-01   1.2500000000000000e+00
   6.4999998000000003e-01   1.2500053000000000e+00
   6.4999998000000003e-01   1.2500053000000000e+00
   6.4687501999999997e-01   1.2514825999999999e+00
   6.4998984000000004e-01   1.2500100999999999e+00
   3.4999998999999998e-01   1.2500000000000000e+00
   3.5312501000000002e-01   1.2514770000000000e+00
   3.4999998999999998e-01   1.2500000000000000e+00
   3.4687500999999998e-01   1.2485191000000000e+00
   1.7812499000000001e-01   9.7572499000000001e-01
   1.7595617000000000e-01   9.7812498000000003e-01
   8.2404403000000004e-01   9.7812498000000003e-01
   8.2187498000000003e-01   9.7572552999999995e-01
   4.2500000999999998e-01   1.2759503000000001e+00
   4.2187500000000000e-01   1.2752253000000000e+00
   4.2422718999999998e-01   1.2757727999999999e+00
   6.9687498000000003e-01   1.2237552000000000e+00
   6.9971919000000005e-01   1.2218750000000000e+00
   3.2187501000000002e-01   9.2344539000000003e-01
   3.2364205000000001e-01   9.2323295999999999e-01
   3.2499999000000002e-01   9.2306971000000004e-01
   6.7500000999999998e-01   9.2307370000000000e-01
   6.7671963000000002e-01   9.2328038999999995e-01
   6.7812501999999997e-01   9.2344941999999997e-01
   1.9723473000000000e-01   1.1250000000000000e+00
   1.9687500999999999e-01   1.1245145000000001e+00
   8.0312501999999997e-01   1.1245295000000000e+00
   8.0277639999999995e-01   1.1250000000000000e+00
   3.0029275999999999e-01   1.2218750000000000e+00
   3.0312498999999998e-01   1.2237468000000000e+00
   5.7782838999999997e-01   1.2752965999999999e+00
   5.7812500000000000e-01   1.2752281000000001e+00
   5.7499999000000002e-01   1.2759529999999999e+00
   2.7429783000000002e-01   1.2031250000000000e+00
   2.7187498999999998e-01   1.2012247000000000e+00
   4.2678164000000002e-01   1.2763434000000000e+00
   4.2812498999999998e-01   1.2766388000000000e+00
   4.2500000999999998e-01   1.2759503000000001e+00
   3.2499999000000002e-01   9.2306971000000004e-01
   3.2718195000000000e-01   9.2281804999999995e-01
   3.2812500000000000e-01   9.2270920000000001e-01
   3.0195250000000001e-01   9.2617252000000005e-01
   3.0312498999999998e-01   9.2599218999999999e-01
   3.0000000999999998e-01   9.2647278000000000e-01
   2.2187499999999999e-01   9.4692087999999996e-01
   2.2198554000000001e-01   9.4687498000000003e-01
   3.0000000999999998e-01   9.2647278000000000e-01
   2.9824869999999998e-01   9.2675132000000005e-01
   2.9687500000000000e-01   9.2696988999999996e-01
   7.0312500000000000e-01   9.2697434999999995e-01
   7.0142194000000002e-01   9.2670306999999996e-01
   6.9999999000000002e-01   9.2647699999999999e-01
   7.7800435000000001e-01   9.4687498000000003e-01
   7.7812499000000002e-01   9.4692507000000004e-01
   6.9999999000000002e-01   9.2647699999999999e-01
   6.9687498000000003e-01   9.2599648999999995e-01
   6.9871989999999995e-01   9.2628010000000005e-01
   6.7187500000000000e-01   9.2271305999999997e-01
   6.7392545000000004e-01   9.2294955999999995e-01
   6.7500000999999998e-01   9.2307370000000000e-01
   1.9958691000000001e-01   1.1281250000000000e+00
   1.9830627000000001e-01   1.1264312999999999e+00
   1.9723473000000000e-01   1.1250000000000000e+00
   8.0277639999999995e-01   1.1250000000000000e+00
   8.0158799000000003e-01   1.1265879999999999e+00
   8.0042455999999995e-01   1.1281250000000000e+00
   5.7499999000000002e-01   1.2759529999999999e+00
   5.7187498000000003e-01   1.2766413999999999e+00
   5.7377765000000003e-01   1.2762222999999999e+00
   7.2812498000000003e-01   1.2012346000000000e+00
   7.2571445999999995e-01   1.2031250000000000e+00
   1.8750000000000000e-01   1.1111465000000000e+00
   1.8839784000000001e-01   1.1125000000000000e+00
   8.1161307000000005e-01   1.1125000000000000e+00
   8.1250000000000000e-01   1.1111631000000000e+00
   8.4052598000000001e-01   1.0093749999999999e+00
   8.4062499000000002e-01   1.0097993999999999e+00
   8.3869663000000005e-01   1.0031250000000000e+00
   8.3749998000000003e-01   1.0000000000000000e+00
   8.4062499000000002e-01   1.0490302000000000e+00
   8.4041588000000000e-01   1.0500000000000000e+00
   1.9687500999999999e-01   9.6011168999999996e-01
   1.9800697000000000e-01   9.5937501999999997e-01
   2.1250000999999999e-01   9.5120963000000003e-01
   2.1005191000000001e-01   9.5244808999999997e-01
   2.0937499000000001e-01   9.5279144999999998e-01
   7.9062498000000003e-01   9.5279521000000000e-01
   7.8877220999999997e-01   9.5185279000000000e-01
   7.8750001999999997e-01   9.5121354999999996e-01
   8.0198826999999995e-01   9.5937501999999997e-01
   8.0312501999999997e-01   9.6011471999999998e-01
   1.5959145999999999e-01   1.0500000000000000e+00
   1.5937499999999999e-01   1.0489942000000001e+00
   1.6249999000000001e-01   1.0000108999999999e+00
   1.6130722000000000e-01   1.0031250000000000e+00
   1.5937499999999999e-01   1.0098190000000000e+00
   1.5947858000000001e-01   1.0093749999999999e+00
   8.3749998000000003e-01   1.0609573000000001e+00
   8.3799915999999997e-01   1.0593750000000000e+00
   8.4041588000000000e-01   1.0500000000000000e+00
   8.3989005000000005e-01   1.0523901000000000e+00
   8.3972068000000000e-01   1.0531250000000001e+00
   2.4062499000000001e-01   9.3997691000000005e-01
   2.3866017000000000e-01   9.4062500999999998e-01
   2.4687500000000001e-01   9.3803829000000005e-01
   2.4871860000000001e-01   9.3750000000000000e-01
   7.5126579999999998e-01   9.3750000000000000e-01
   7.5312500999999998e-01   9.3804284000000004e-01
   7.6132622999999999e-01   9.4062500999999998e-01
   7.5937498000000003e-01   9.3998137999999998e-01
   1.6028780000000001e-01   1.0531250000000001e+00
   1.5965483999999999e-01   1.0502798000000000e+00
   1.5959145999999999e-01   1.0500000000000000e+00
   1.6201008000000000e-01   1.0593750000000000e+00
   1.6249999000000001e-01   1.0609287999999999e+00
   2.0953901999999999e-01   1.1406250000000000e+00
   2.0937499000000001e-01   1.1404277000000000e+00
   7.9062498000000003e-01   1.1404417000000000e+00
   7.9047259000000003e-01   1.1406250000000000e+00
   8.2499999000000002e-01   1.0902254000000000e+00
   8.2478702999999998e-01   1.0906250000000000e+00
   2.9062501000000002e-01   1.2152546000000000e+00
   2.8901356000000000e-01   1.2141114000000000e+00
   2.8749998999999998e-01   1.2130232000000001e+00
   2.8749998999999998e-01   1.2130232000000001e+00
   2.8677483999999998e-01   1.2124999999999999e+00
   2.8677483999999998e-01   1.2124999999999999e+00
   2.8437500999999998e-01   1.2107588000000000e+00
   3.1250000000000000e-01   9.2465087000000001e-01
   3.1562500999999998e-01   9.2423509999999998e-01
   3.1290261000000003e-01   9.2459740000000001e-01
   3.0996875000000002e-01   9.2500000999999998e-01
   3.1250000000000000e-01   9.2465087000000001e-01
   5.1562500000000000e-01   9.1501403000000003e-01
   5.1312539999999995e-01   9.1499958000000003e-01
   5.1249999000000002e-01   9.1499604000000001e-01
   5.2499998000000003e-01   9.1509154000000004e-01
   5.2243289999999998e-01   9.1506710000000002e-01
   5.2187501999999997e-01   9.1506171999999997e-01
   5.0312500999999998e-01   9.1496639000000002e-01
   5.0066027000000002e-01   9.1496471999999995e-01
   5.0000000000000000e-01   9.1496434000000004e-01
   5.1249999000000002e-01   9.1499604000000001e-01
   5.1001481000000004e-01   9.1498515999999996e-01
   5.0937498000000003e-01   9.1498228000000004e-01
   4.9062498999999998e-01   9.1498206000000004e-01
   4.8813206999999997e-01   9.1499293000000004e-01
   4.8750000999999998e-01   9.1499575000000000e-01
   5.0000000000000000e-01   9.1496434000000004e-01
   4.9753403000000002e-01   9.1496595000000003e-01
   4.9687499000000002e-01   9.1496632000000000e-01
   4.7812501000000002e-01   9.1506120000000002e-01
   4.7553922999999998e-01   9.1508575000000003e-01
   4.7499998999999998e-01   9.1509094000000002e-01
   4.8750000999999998e-01   9.1499575000000000e-01
   4.8498980000000003e-01   9.1501018999999995e-01
   4.8437500000000000e-01   9.1501365000000001e-01
   6.8750000000000000e-01   9.2465498000000002e-01
   6.9000081000000002e-01   9.2500000999999998e-01
   6.8504666000000003e-01   9.2432833999999997e-01
   6.8437499000000002e-01   9.2423920000000004e-01
   6.8750000000000000e-01   9.2465498000000002e-01
   1.7522297000000001e-01   1.0906250000000000e+00
   1.7499999999999999e-01   1.0902065000000001e+00
   1.8839784000000001e-01   1.1125000000000000e+00
   1.9033389000000001e-01   1.1153339000000000e+00
   1.9053371000000000e-01   1.1156250000000001e+00
   1.8633369999999999e-01   1.1093750000000000e+00
   1.8750000000000000e-01   1.1111465000000000e+00
   8.1250000000000000e-01   1.1111631000000000e+00
   8.1367734999999997e-01   1.1093750000000000e+00
   8.0947742000000000e-01   1.1156250000000001e+00
   8.1070945999999999e-01   1.1138345000000001e+00
   8.1161307000000005e-01   1.1125000000000000e+00
   7.1562499000000002e-01   1.2107676999999999e+00
   7.1323753999999995e-01   1.2124999999999999e+00
   7.1323753999999995e-01   1.2124999999999999e+00
   7.1249998000000003e-01   1.2130322000000000e+00
   7.1249998000000003e-01   1.2130322000000000e+00
   7.1062146999999998e-01   1.2143785000000000e+00
   7.0937501999999997e-01   1.2152632000000001e+00
   1.6339691000000001e-01   9.9777190999999998e-01
   1.6380666999999999e-01   9.9687499000000002e-01
   1.6250412000000000e-01   1.0000000000000000e+00
   1.9062499999999999e-01   9.6452362999999997e-01
   1.8920443000000001e-01   9.6562499000000002e-01
   2.1500730000000001e-01   9.4999999000000002e-01
   2.1250000999999999e-01   9.5120963000000003e-01
   7.8750001999999997e-01   9.5121354999999996e-01
   7.8498429000000003e-01   9.4999999000000002e-01
   8.1079268000000004e-01   9.6562499000000002e-01
   8.0937499000000002e-01   9.6452605999999996e-01
   8.3619657999999997e-01   9.9687499000000002e-01
   8.3749998000000003e-01   1.0000000000000000e+00
   1.6250412000000000e-01   1.0000000000000000e+00
   1.6249999000000001e-01   1.0000108999999999e+00
   2.3848971999999999e-01   1.1718750000000000e+00
   2.4062499000000001e-01   1.1739421999999999e+00
   2.2618350000000001e-01   1.1593750000000000e+00
   2.2812500999999999e-01   1.1614169000000001e+00
   7.7187501999999997e-01   1.1614294000000001e+00
   7.7382846999999999e-01   1.1593750000000000e+00
   7.5937498000000003e-01   1.1739538000000000e+00
   7.6152238000000005e-01   1.1718750000000000e+00
   8.3635176000000000e-01   1.0644768000000000e+00
   8.3596214000000002e-01   1.0656250000000000e+00
   8.3701238000000000e-01   1.0625000000000000e+00
   8.3701238000000000e-01   1.0625000000000000e+00
   8.3749998000000003e-01   1.0609573000000001e+00
   8.2644379000000001e-01   1.0874999999999999e+00
   8.2499999000000002e-01   1.0902254000000000e+00
   8.2798941999999998e-01   1.0843750000000001e+00
   8.2700417000000004e-01   1.0863792000000001e+00
   8.2644379000000001e-01   1.0874999999999999e+00
   4.1249998999999998e-01   1.2728961000000001e+00
   4.1417032999999998e-01   1.2733296999999999e+00
   4.1562501000000002e-01   1.2737061000000001e+00
   4.0937500999999998e-01   1.2720476999999999e+00
   4.1169512000000003e-01   1.2726799000000000e+00
   4.1249998999999998e-01   1.2728961000000001e+00
   4.3545625999999998e-01   1.2781250000000000e+00
   4.3437499000000002e-01   1.2779182000000000e+00
   6.7500000999999998e-01   1.2370578000000001e+00
   6.7812501999999997e-01   1.2352704000000001e+00
   6.7602868999999999e-01   1.2364713000000001e+00
   6.9062500999999998e-01   1.2277482000000000e+00
   6.9001979000000002e-01   1.2281249999999999e+00
   6.7421156000000004e-01   1.2375000000000000e+00
   6.7500000999999998e-01   1.2370578000000001e+00
   6.7187500000000000e-01   1.2388063000000000e+00
   6.7421156000000004e-01   1.2375000000000000e+00
   6.2279708000000000e-01   1.2615779000000000e+00
   6.2187499000000002e-01   1.2619275999999999e+00
   6.2500000000000000e-01   1.2607413999999999e+00
   6.1562501999999997e-01   1.2642120999999999e+00
   6.1299983999999996e-01   1.2651251999999999e+00
   6.1250000999999998e-01   1.2652991000000000e+00
   6.1250000999999998e-01   1.2652991000000000e+00
   6.1153959000000002e-01   1.2656250000000000e+00
   6.2500000000000000e-01   1.2607413999999999e+00
   6.2790378000000002e-01   1.2595962000000001e+00
   6.2812500999999998e-01   1.2595091000000000e+00
   3.3437498999999998e-01   9.2202357999999995e-01
   3.3580091000000001e-01   9.2187500000000000e-01
   3.0937499000000002e-01   9.2508195000000004e-01
   3.0996875000000002e-01   9.2500000999999998e-01
   2.4871860000000001e-01   9.3750000000000000e-01
   2.5000000000000000e-01   9.3712728000000001e-01
   2.1562500000000001e-01   9.4970549000000004e-01
   2.1500730000000001e-01   9.4999999000000002e-01
   2.9062501000000002e-01   9.2801951999999999e-01
   2.9002937000000001e-01   9.2812501999999997e-01
   2.5937501000000002e-01   9.3460600000000005e-01
   2.6030346999999998e-01   9.3437499000000002e-01
   2.5000000000000000e-01   9.3712728000000001e-01
   2.5312500999999998e-01   9.3625404999999995e-01
   2.5051702999999997e-01   9.3698296999999997e-01
   5.4062498000000003e-01   9.1530314999999995e-01
   5.3786674999999995e-01   9.1525825000000005e-01
   5.3750001999999997e-01   9.1525232999999995e-01
   5.5000000999999998e-01   9.1548110000000005e-01
   5.4707830000000002e-01   9.1542168999999995e-01
   5.4687500000000000e-01   9.1541753000000003e-01
   5.2812499000000002e-01   9.1512561999999997e-01
   5.2552772999999997e-01   9.1509722999999998e-01
   5.2499998000000003e-01   9.1509154000000004e-01
   5.3750001999999997e-01   9.1525232999999995e-01
   5.3478784000000001e-01   9.1521215000000000e-01
   5.3437500999999998e-01   9.1520599000000002e-01
   5.5312501999999997e-01   9.1554959000000002e-01
   5.5014081999999997e-01   9.1548417000000004e-01
   5.5000000999999998e-01   9.1548110000000005e-01
   4.4999999000000002e-01   9.1547988000000002e-01
   4.4695344999999997e-01   9.1554654000000002e-01
   4.4687501000000002e-01   9.1554824000000001e-01
   4.6562499000000002e-01   9.1520515999999996e-01
   4.6287926000000001e-01   9.1524572999999998e-01
   4.6250001000000002e-01   9.1525137999999995e-01
   4.7499998999999998e-01   9.1509094000000002e-01
   4.7238049999999998e-01   9.1511949000000004e-01
   4.7187500999999998e-01   9.1512494000000000e-01
   4.5312500000000000e-01   9.1541634000000005e-01
   4.5014812999999998e-01   9.1547685000000001e-01
   4.4999999000000002e-01   9.1547988000000002e-01
   4.6250001000000002e-01   9.1525137999999995e-01
   4.5970309999999998e-01   9.1529687999999998e-01
   4.5937498999999998e-01   9.1530217000000003e-01
   7.4784620000000002e-01   9.3652879000000000e-01
   7.4687499000000002e-01   9.3625846000000001e-01
   7.5000000000000000e-01   9.3713184000000005e-01
   7.3967826999999997e-01   9.3437499000000002e-01
   7.4062501999999997e-01   9.3461057000000003e-01
   7.0994447000000005e-01   9.2812501999999997e-01
   7.0937501999999997e-01   9.2802421999999996e-01
   7.8498429000000003e-01   9.4999999000000002e-01
   7.8437500999999998e-01   9.4970955000000001e-01
   7.5000000000000000e-01   9.3713184000000005e-01
   7.5126579999999998e-01   9.3750000000000000e-01
   6.9000081000000002e-01   9.2500000999999998e-01
   6.9062500999999998e-01   9.2508617000000004e-01
   6.6416428999999999e-01   9.2187500000000000e-01
   6.6562498000000003e-01   9.2202709999999999e-01
   1.7356650000000001e-01   1.0874999999999999e+00
   1.7216276999999999e-01   1.0846628000000000e+00
   1.7202054999999999e-01   1.0843750000000001e+00
   1.7499999999999999e-01   1.0902065000000001e+00
   1.7356650000000001e-01   1.0874999999999999e+00
   1.6249999000000001e-01   1.0609287999999999e+00
   1.6299623999999999e-01   1.0625000000000000e+00
   1.6299623999999999e-01   1.0625000000000000e+00
   1.6404715000000000e-01   1.0656250000000000e+00
   1.6324774000000000e-01   1.0632477000000000e+00
   2.1485686000000001e-01   1.1468750000000001e+00
   2.1562500000000001e-01   1.1477558999999999e+00
   2.5187918999999998e-01   1.1843750000000000e+00
   2.5312500999999998e-01   1.1854853000000001e+00
   7.4687499000000002e-01   1.1854962000000000e+00
   7.4813313000000004e-01   1.1843750000000000e+00
   7.8437500999999998e-01   1.1477695000000001e+00
   7.8515504999999997e-01   1.1468750000000001e+00
   3.7187499000000002e-01   1.2595037000000000e+00
   3.7402130000000000e-01   1.2603537000000000e+00
   3.7500000000000000e-01   1.2607372999999999e+00
   3.8847250000000000e-01   1.2656250000000000e+00
   3.8749999000000002e-01   1.2652950000000001e+00
   3.8749999000000002e-01   1.2652950000000001e+00
   3.8542521000000002e-01   1.2645748000000001e+00
   3.8437501000000002e-01   1.2642078000000001e+00
   3.7500000000000000e-01   1.2607372999999999e+00
   3.7812500999999998e-01   1.2619228000000000e+00
   3.7627639000000002e-01   1.2612235999999999e+00
   3.2580068000000001e-01   1.2375000000000000e+00
   3.2812500000000000e-01   1.2387995999999999e+00
   3.2499999000000002e-01   1.2370509000000001e+00
   3.2580068000000001e-01   1.2375000000000000e+00
   3.0999293000000000e-01   1.2281249999999999e+00
   3.0937499000000002e-01   1.2277401999999999e+00
   3.2329496000000002e-01   1.2360800000000001e+00
   3.2187501000000002e-01   1.2352634000000000e+00
   3.2499999000000002e-01   1.2370509000000001e+00
   5.6562500999999998e-01   1.2779206000000001e+00
   5.6455602999999999e-01   1.2781250000000000e+00
   5.8749998000000003e-01   1.2728993000000000e+00
   5.9038383000000005e-01   1.2721161999999999e+00
   5.9062499000000002e-01   1.2720510000000000e+00
   5.8437501999999997e-01   1.2737091000000000e+00
   5.8611698000000001e-01   1.2732580000000000e+00
   5.8749998000000003e-01   1.2728993000000000e+00
   2.0315837000000000e-01   9.5621663999999995e-01
   2.0312500000000000e-01   9.5623557999999997e-01
   2.0624999999999999e-01   9.5446474000000003e-01
   2.0312500000000000e-01   9.5623557999999997e-01
   2.0310042000000000e-01   9.5625000999999998e-01
   7.9689359000000004e-01   9.5625000999999998e-01
   7.9687500000000000e-01   9.5623910000000001e-01
   7.9374999000000002e-01   9.5446839999999999e-01
   7.9687500000000000e-01   9.5623910000000001e-01
   7.9489076999999997e-01   9.5510923000000003e-01
   6.5312499000000002e-01   1.2485249000000000e+00
   6.5603001999999999e-01   1.2470950000000001e+00
   6.5625000000000000e-01   1.2469866000000001e+00
   6.4687501999999997e-01   1.2514825999999999e+00
   6.4416512999999997e-01   1.2527098999999999e+00
   6.4375000999999998e-01   1.2528978000000000e+00
   3.5624999000000002e-01   1.2528925000000000e+00
   3.5425717000000001e-01   1.2519928000000000e+00
   3.5312501000000002e-01   1.2514770000000000e+00
   3.4375000000000000e-01   1.2469806999999999e+00
   3.4577058999999999e-01   1.2479794000000000e+00
   3.4687500999999998e-01   1.2485191000000000e+00
   1.7812499000000001e-01   9.7572499000000001e-01
   1.7880347999999999e-01   9.7500001999999997e-01
   1.7499999999999999e-01   9.7924995000000004e-01
   1.7595617000000000e-01   9.7812498000000003e-01
   8.2404403000000004e-01   9.7812498000000003e-01
   8.2499999000000002e-01   9.7924953000000003e-01
   8.2119587000000005e-01   9.7500001999999997e-01
   8.2187498000000003e-01   9.7572552999999995e-01
   8.2133387999999996e-01   1.0968750000000000e+00
   8.2038401000000005e-01   1.0985090000000000e+00
   8.1950783999999999e-01   1.1000000000000001e+00
   8.2187498000000003e-01   1.0959280000000000e+00
   8.2133387999999996e-01   1.0968750000000000e+00
   8.2187498000000003e-01   1.0959280000000000e+00
   8.2310673999999995e-01   1.0937500000000000e+00
   2.9565818999999999e-01   1.2187500000000000e+00
   2.9687500000000000e-01   1.2195794000000000e+00
   3.0000000999999998e-01   1.2216810000000000e+00
   2.9824334000000002e-01   1.2205067000000001e+00
   2.9687500000000000e-01   1.2195794000000000e+00
   2.7834924000000000e-01   1.2062500000000000e+00
   2.7812499000000002e-01   1.2060795000000000e+00
   2.7500001000000002e-01   1.2036720000000001e+00
   2.7812499000000002e-01   1.2060795000000000e+00
   2.7645130000000001e-01   1.2047987000000000e+00
   4.2093106000000002e-01   1.2749999999999999e+00
   4.2187500000000000e-01   1.2752253000000000e+00
   6.9687498000000003e-01   1.2237552000000000e+00
   6.9494235999999998e-01   1.2250000000000001e+00
   6.9999999000000002e-01   1.2216889000000000e+00
   6.9971919000000005e-01   1.2218750000000000e+00
   3.1874998999999998e-01   9.2383267000000002e-01
   3.2187501000000002e-01   9.2344539000000003e-01
   3.2008246000000001e-01   9.2366753999999995e-01
   6.7950471000000001e-01   9.2362029999999995e-01
   6.7812501999999997e-01   9.2344941999999997e-01
   6.8124998000000003e-01   9.2383671999999994e-01
   1.7690378000000001e-01   1.0937500000000000e+00
   1.7812499000000001e-01   1.0959097000000000e+00
   1.7867651000000001e-01   1.0968750000000000e+00
   1.7812499000000001e-01   1.0959097000000000e+00
   1.8050314000000001e-01   1.1000000000000001e+00
   1.7944394000000000e-01   1.0981939000000001e+00
   1.7867651000000001e-01   1.0968750000000000e+00
   1.9493347999999999e-01   1.1218750000000000e+00
   1.9687500999999999e-01   1.1245145000000001e+00
   1.9493347999999999e-01   1.1218750000000000e+00
   1.9374999000000001e-01   1.1202238000000000e+00
   1.8125000999999999e-01   1.1012489999999999e+00
   1.8050314000000001e-01   1.1000000000000001e+00
   8.1950783999999999e-01   1.1000000000000001e+00
   8.1875001999999997e-01   1.1012671999999999e+00
   8.0624998000000003e-01   1.1202395000000001e+00
   8.0507779999999995e-01   1.1218750000000000e+00
   8.0312501999999997e-01   1.1245295000000000e+00
   8.0507779999999995e-01   1.1218750000000000e+00
   3.0029275999999999e-01   1.2218750000000000e+00
   3.0000000999999998e-01   1.2216810000000000e+00
   3.0506903000000002e-01   1.2250000000000001e+00
   3.0312498999999998e-01   1.2237468000000000e+00
   5.7812500000000000e-01   1.2752281000000001e+00
   5.7908108000000003e-01   1.2749999999999999e+00
   7.2256374000000001e-01   1.2055613000000001e+00
   7.2187500999999998e-01   1.2060890000000000e+00
   7.2500001999999997e-01   1.2036815000000001e+00
   7.2187500999999998e-01   1.2060890000000000e+00
   7.2166328000000002e-01   1.2062500000000000e+00
   7.0312500000000000e-01   1.2195875000000000e+00
   7.0056357000000002e-01   1.2213114000000000e+00
   6.9999999000000002e-01   1.2216889000000000e+00
   7.0312500000000000e-01   1.2195875000000000e+00
   7.0435389000000004e-01   1.2187500000000000e+00
   1.7336124000000000e-01   9.8124999000000002e-01
   1.7499999999999999e-01   9.7924995000000004e-01
   1.7880347999999999e-01   9.7500001999999997e-01
   1.8125000999999999e-01   9.7254187000000003e-01
   8.1875001999999997e-01   9.7254306000000001e-01
   8.2119587000000005e-01   9.7500001999999997e-01
   8.2499999000000002e-01   9.7924953000000003e-01
   8.2663942000000001e-01   9.8124999000000002e-01
   2.2326218000000000e-01   1.1562500000000000e+00
   2.2187499999999999e-01   1.1547423000000001e+00
   2.2040128000000000e-01   1.1531250000000000e+00
   2.2187499999999999e-01   1.1547423000000001e+00
   2.2040128000000000e-01   1.1531250000000000e+00
   2.1875000000000000e-01   1.1512895000000001e+00
   2.4842241000000001e-01   1.1812499999999999e+00
   2.4687500000000001e-01   1.1798291999999999e+00
   2.4504066999999999e-01   1.1781250000000001e+00
   2.4687500000000001e-01   1.1798291999999999e+00
   2.4504066999999999e-01   1.1781250000000001e+00
   2.4375000999999999e-01   1.1769158000000000e+00
   7.5625001999999997e-01   1.1769272000000000e+00
   7.5497148999999997e-01   1.1781250000000001e+00
   7.5312500999999998e-01   1.1798404000000000e+00
   7.5497148999999997e-01   1.1781250000000001e+00
   7.5312500999999998e-01   1.1798404000000000e+00
   7.5158950999999996e-01   1.1812499999999999e+00
   7.8125000000000000e-01   1.1513028999999999e+00
   7.7961086999999996e-01   1.1531250000000000e+00
   7.7812499000000002e-01   1.1547555000000000e+00
   7.7961086999999996e-01   1.1531250000000000e+00
   7.7812499000000002e-01   1.1547555000000000e+00
   7.7674966999999995e-01   1.1562500000000000e+00
   8.3125000999999998e-01   1.0774033999999999e+00
   8.3092745999999995e-01   1.0781250000000000e+00
   8.2951786000000005e-01   1.0812500000000000e+00
   8.3092745999999995e-01   1.0781250000000000e+00
   8.3006100999999999e-01   1.0800609999999999e+00
   2.7429783000000002e-01   1.2031250000000000e+00
   2.7500001000000002e-01   1.2036720000000001e+00
   2.7033708000000001e-01   1.2000000000000000e+00
   2.7187498999999998e-01   1.2012247000000000e+00
   4.5454913000000002e-01   1.2812500000000000e+00
   4.5312500000000000e-01   1.2810583000000000e+00
   4.4999999000000002e-01   1.2806114000000000e+00
   4.5312500000000000e-01   1.2810583000000000e+00
   4.5055811000000001e-01   1.2806919000000001e+00
   4.1874999000000002e-01   1.2744812999999999e+00
   4.2093106000000002e-01   1.2749999999999999e+00
   4.0194391000000002e-01   1.2699311000000000e+00
   4.0312499000000002e-01   1.2702836000000000e+00
   4.0000001000000002e-01   1.2693444000000000e+00
   4.0625000000000000e-01   1.2711825999999999e+00
   4.0435976000000001e-01   1.2706402000000001e+00
   4.0312499000000002e-01   1.2702836000000000e+00
   4.3125001000000002e-01   1.2772939999999999e+00
   4.2935298999999999e-01   1.2768969999999999e+00
   4.2812498999999998e-01   1.2766388000000000e+00
   4.4784186999999998e-01   1.2802830999999999e+00
   4.4687501000000002e-01   1.2801353000000000e+00
   4.4999999000000002e-01   1.2806114000000000e+00
   4.4374998999999998e-01   1.2796269000000000e+00
   4.4687501000000002e-01   1.2801353000000000e+00
   4.4514578999999999e-01   1.2798541999999999e+00
   6.9494235999999998e-01   1.2250000000000001e+00
   6.9375001999999997e-01   1.2257659000000001e+00
   6.0193655999999995e-01   1.2687500000000000e+00
   6.0000001999999997e-01   1.2693481000000000e+00
   3.4687500999999998e-01   9.2079014000000003e-01
   3.4462430999999999e-01   9.2100068999999996e-01
   3.4375000000000000e-01   9.2108248000000004e-01
   3.4999998999999998e-01   9.2050858000000002e-01
   3.4806724000000000e-01   9.2068276000000004e-01
   3.4687500999999998e-01   9.2079014000000003e-01
   3.2812500000000000e-01   9.2270920000000001e-01
   3.3070476999999998e-01   9.2242024000000000e-01
   3.3125000999999998e-01   9.2235911000000004e-01
   3.0625001000000002e-01   9.2552966000000003e-01
   3.0312498999999998e-01   9.2599218999999999e-01
   3.0562816999999998e-01   9.2562184999999997e-01
   3.7182330000000002e-01   9.1880167999999995e-01
   3.7187499000000002e-01   9.1879805999999997e-01
   3.6875001000000002e-01   9.1901737999999999e-01
   3.7187499000000002e-01   9.1879805999999997e-01
   3.7259126999999997e-01   9.1874999000000002e-01
   3.5312501000000002e-01   9.2023675999999999e-01
   3.5149659999999999e-01   9.2037840000000004e-01
   3.4999998999999998e-01   9.2050858000000002e-01
   3.5624999000000002e-01   9.1997434000000000e-01
   3.5312501000000002e-01   9.2023675999999999e-01
   3.5491339999999999e-01   9.2008659000000004e-01
   2.2706103000000000e-01   9.4481398000000005e-01
   2.2812500999999999e-01   9.4439413000000005e-01
   2.2499999000000001e-01   9.4562942000000005e-01
   2.2812500999999999e-01   9.4439413000000005e-01
   2.2982549999999999e-01   9.4375001999999997e-01
   2.1875000000000000e-01   9.4828080999999997e-01
   2.2179366000000000e-01   9.4695631999999996e-01
   2.2187499999999999e-01   9.4692087999999996e-01
   2.2499999000000001e-01   9.4562942000000005e-01
   2.2198554000000001e-01   9.4687498000000003e-01
   2.7922983000000001e-01   9.3014516000000003e-01
   2.7812499000000002e-01   9.3036373999999999e-01
   2.8125000000000000e-01   9.2974542999999998e-01
   2.7500001000000002e-01   9.3100539000000004e-01
   2.7812499000000002e-01   9.3036373999999999e-01
   2.7530764000000002e-01   9.3094235000000003e-01
   2.9687500000000000e-01   9.2696988999999996e-01
   2.9451577000000001e-01   9.2735924000000003e-01
   2.9374999000000002e-01   9.2748553000000000e-01
   2.7385123000000000e-01   9.3124998000000003e-01
   2.7500001000000002e-01   9.3100539000000004e-01
   7.2500001999999997e-01   9.3100983999999998e-01
   7.2612754999999995e-01   9.3124998000000003e-01
   7.0625000999999998e-01   9.2748967999999998e-01
   7.0411290000000004e-01   9.2713712000000004e-01
   7.0312500000000000e-01   9.2697434999999995e-01
   7.2260698999999995e-01   9.3051801999999995e-01
   7.2187500999999998e-01   9.3036830999999998e-01
   7.2500001999999997e-01   9.3100983999999998e-01
   7.1875000000000000e-01   9.2974986000000004e-01
   7.2187500999999998e-01   9.3036830999999998e-01
   7.2000251000000004e-01   9.2999748999999998e-01
   7.7800435000000001e-01   9.4687498000000003e-01
   7.7499998000000003e-01   9.4563370000000002e-01
   7.7812499000000002e-01   9.4692507000000004e-01
   7.8027106999999996e-01   9.4785390999999997e-01
   7.8125000000000000e-01   9.4828497000000000e-01
   7.7016298000000005e-01   9.4375001999999997e-01
   7.7187501999999997e-01   9.4439850000000003e-01
   7.7499998000000003e-01   9.4563370000000002e-01
   7.7187501999999997e-01   9.4439850000000003e-01
   7.7365185999999997e-01   9.4509814000000003e-01
   6.4550052999999996e-01   9.2012448000000002e-01
   6.4687501999999997e-01   9.2023980999999999e-01
   6.4375000999999998e-01   9.1997775999999998e-01
   6.4999998000000003e-01   9.2051209000000001e-01
   6.4837913999999996e-01   9.2037086000000001e-01
   6.4687501999999997e-01   9.2023980999999999e-01
   6.2736356999999998e-01   9.1874999000000002e-01
   6.2812500999999998e-01   9.1880108000000005e-01
   6.3125001999999997e-01   9.1901962000000004e-01
   6.2812500999999998e-01   9.1880108000000005e-01
   6.3099804000000004e-01   9.1900196999999995e-01
   6.9600742999999998e-01   9.2586756999999997e-01
   6.9687498000000003e-01   9.2599648999999995e-01
   6.9375001999999997e-01   9.2553324999999997e-01
   6.6874999000000002e-01   9.2236306000000001e-01
   6.7112145000000001e-01   9.2262854999999999e-01
   6.7187500000000000e-01   9.2271305999999997e-01
   6.5312499000000002e-01   9.2079365999999996e-01
   6.5125032999999999e-01   9.2062465000000004e-01
   6.4999998000000003e-01   9.2051209000000001e-01
   6.5625000000000000e-01   9.2108604000000005e-01
   6.5411381000000002e-01   9.2088618000000000e-01
   6.5312499000000002e-01   9.2079365999999996e-01
   1.6935309000000001e-01   1.0787281000000000e+00
   1.6908126000000001e-01   1.0781250000000000e+00
   1.7049231000000001e-01   1.0812500000000000e+00
   1.6908126000000001e-01   1.0781250000000000e+00
   1.6875000000000001e-01   1.0773832000000001e+00
   1.9958691000000001e-01   1.1281250000000000e+00
   2.0000000000000001e-01   1.1286670000000001e+00
   2.0000000000000001e-01   1.1286670000000001e+00
   2.0198469999999999e-01   1.1312500000000001e+00
   2.6875000999999998e-01   1.1987291000000000e+00
   2.7033708000000001e-01   1.2000000000000000e+00
   7.2967536000000000e-01   1.2000000000000000e+00
   7.3124999000000002e-01   1.1987391000000001e+00
   7.9802689999999998e-01   1.1312500000000001e+00
   8.0000000999999998e-01   1.1286820000000000e+00
   8.0000000999999998e-01   1.1286820000000000e+00
   8.0042455999999995e-01   1.1281250000000000e+00
   4.0000001000000002e-01   1.2693444000000000e+00
   3.9807548999999998e-01   1.2687500000000000e+00
   3.0625001000000002e-01   1.2257591999999999e+00
   3.0506903000000002e-01   1.2250000000000001e+00
   5.5445387999999995e-01   1.2799210999999999e+00
   5.5312501999999997e-01   1.2801372000000000e+00
   5.5624998000000003e-01   1.2796289999999999e+00
   5.5000000999999998e-01   1.2806131999999999e+00
   5.5312501999999997e-01   1.2801372000000000e+00
   5.5075141999999999e-01   1.2804986000000000e+00
   5.7187498000000003e-01   1.2766413999999999e+00
   5.6979831999999997e-01   1.2770767000000001e+00
   5.6875001999999997e-01   1.2772965000000001e+00
   5.9687500999999998e-01   1.2702871000000000e+00
   5.9471717999999996e-01   1.2709078000000000e+00
   5.9375000000000000e-01   1.2711859999999999e+00
   6.0000001999999997e-01   1.2693481000000000e+00
   5.9687500999999998e-01   1.2702871000000000e+00
   5.9914509000000005e-01   1.2696049000000000e+00
   5.7908108000000003e-01   1.2749999999999999e+00
   5.8125000999999998e-01   1.2744842000000001e+00
   5.4709700000000006e-01   1.2810280000000001e+00
   5.4687500000000000e-01   1.2810599000000000e+00
   5.5000000999999998e-01   1.2806131999999999e+00
   5.4687500000000000e-01   1.2810599000000000e+00
   5.4546296000000005e-01   1.2812500000000000e+00
   7.2812498000000003e-01   1.2012346000000000e+00
   7.2967536000000000e-01   1.2000000000000000e+00
   7.2500001999999997e-01   1.2036815000000001e+00
   7.2571445999999995e-01   1.2031250000000000e+00
   8.3970157999999995e-01   1.0062500000000001e+00
   8.4048845999999999e-01   1.0092384999999999e+00
   8.4052598000000001e-01   1.0093749999999999e+00
   8.4126232999999995e-01   1.0125000000000000e+00
   8.4062499000000002e-01   1.0097993999999999e+00
   8.3869663000000005e-01   1.0031250000000000e+00
   8.3926014999999998e-01   1.0048851999999999e+00
   8.3970157999999995e-01   1.0062500000000001e+00
   8.4109058000000003e-01   1.0468750000000000e+00
   8.4148487999999999e-01   1.0446099000000000e+00
   8.4163308000000003e-01   1.0437500000000000e+00
   8.4062499000000002e-01   1.0490302000000000e+00
   8.4109058000000003e-01   1.0468750000000000e+00
   8.4224712999999995e-01   1.0391220999999999e+00
   8.4208095999999999e-01   1.0406249999999999e+00
   8.4242519000000005e-01   1.0375000000000001e+00
   8.4163308000000003e-01   1.0437500000000000e+00
   8.4189906999999997e-01   1.0418991000000000e+00
   8.4208095999999999e-01   1.0406249999999999e+00
   1.9374999000000001e-01   9.6223658999999995e-01
   1.9687500999999999e-01   9.6011168999999996e-01
   1.9458532000000001e-01   9.6166465999999995e-01
   2.0000000000000001e-01   9.5810700000000004e-01
   1.9800697000000000e-01   9.5937501999999997e-01
   1.9338338999999999e-01   9.6249998000000003e-01
   1.9374999000000001e-01   9.6223658999999995e-01
   2.0624999999999999e-01   9.5446474000000003e-01
   2.0874549000000001e-01   9.5312500000000000e-01
   2.0937499000000001e-01   9.5279144999999998e-01
   2.0874549000000001e-01   9.5312500000000000e-01
   2.0310042000000000e-01   9.5625000999999998e-01
   2.0000000000000001e-01   9.5810700000000004e-01
   8.0000000999999998e-01   9.5811025000000005e-01
   7.9689359000000004e-01   9.5625000999999998e-01
   7.9124744999999996e-01   9.5312500000000000e-01
   7.9062498000000003e-01   9.5279521000000000e-01
   7.9124744999999996e-01   9.5312500000000000e-01
   7.9374999000000002e-01   9.5446839999999999e-01
   8.0624998000000003e-01   9.6223930000000002e-01
   8.0661287000000004e-01   9.6249998000000003e-01
   8.0198826999999995e-01   9.5937501999999997e-01
   8.0000000999999998e-01   9.5811025000000005e-01
   8.0455109000000002e-01   9.6107390999999998e-01
   8.0312501999999997e-01   9.6011471999999998e-01
   8.0624998000000003e-01   9.6223930000000002e-01
   1.5792645999999999e-01   1.0406249999999999e+00
   1.5820719999999999e-01   1.0425822000000000e+00
   1.5837451999999999e-01   1.0437500000000000e+00
   1.5758190999999999e-01   1.0375000000000001e+00
   1.5792645999999999e-01   1.0406249999999999e+00
   1.5774661000000001e-01   1.0389965999999999e+00
   1.5891805000000001e-01   1.0468750000000000e+00
   1.5937499999999999e-01   1.0489942000000001e+00
   1.5837451999999999e-01   1.0437500000000000e+00
   1.5882234000000001e-01   1.0463222999999999e+00
   1.5891805000000001e-01   1.0468750000000000e+00
   1.6030285000000000e-01   1.0062500000000001e+00
   1.6084050999999999e-01   1.0045904999999999e+00
   1.6130722000000000e-01   1.0031250000000000e+00
   1.5937499999999999e-01   1.0098190000000000e+00
   1.5874258999999999e-01   1.0125000000000000e+00
   1.5947858000000001e-01   1.0093749999999999e+00
   1.6009429999999999e-01   1.0069693000000000e+00
   1.6030285000000000e-01   1.0062500000000001e+00
   8.3890703000000000e-01   1.0562499999999999e+00
   8.3799915999999997e-01   1.0593750000000000e+00
   8.3859368000000001e-01   1.0573437000000001e+00
   8.3972068000000000e-01   1.0531250000000001e+00
   8.3926246999999998e-01   1.0548875000000000e+00
   8.3890703000000000e-01   1.0562499999999999e+00
   6.5625000000000000e-01   1.2469866000000001e+00
   6.5647431000000001e-01   1.2468750000000000e+00
   6.5937500999999998e-01   1.2454295000000000e+00
   6.5647431000000001e-01   1.2468750000000000e+00
   6.6250001999999997e-01   1.2438207999999999e+00
   6.5937500999999998e-01   1.2454295000000000e+00
   6.6235409000000001e-01   1.2438959000000001e+00
   6.4375000999999998e-01   1.2528978000000000e+00
   6.4324252000000004e-01   1.2531250000000000e+00
   6.4062500000000000e-01   1.2542953999999999e+00
   6.4324252000000004e-01   1.2531250000000000e+00
   6.3749999000000002e-01   1.2556502000000000e+00
   6.4062500000000000e-01   1.2542953999999999e+00
   6.3855726999999995e-01   1.2551927000000001e+00
   2.4375000999999999e-01   9.3898844999999997e-01
   2.4157302000000000e-01   9.3967698000000000e-01
   2.4062499000000001e-01   9.3997691000000005e-01
   2.3749999999999999e-01   9.4100927000000001e-01
   2.3866017000000000e-01   9.4062500999999998e-01
   2.4610144000000000e-01   9.3827355999999995e-01
   2.4687500000000001e-01   9.3803829000000005e-01
   2.4375000999999999e-01   9.3898844999999997e-01
   7.5625001999999997e-01   9.3899294000000000e-01
   7.5312500999999998e-01   9.3804284000000004e-01
   7.5510621000000000e-01   9.3864380999999997e-01
   7.6132622999999999e-01   9.4062500999999998e-01
   7.6249999000000002e-01   9.4101378999999996e-01
   7.5937498000000003e-01   9.3998137999999998e-01
   7.5749067999999997e-01   9.3938432999999999e-01
   7.5625001999999997e-01   9.3899294000000000e-01
   1.6110156000000000e-01   1.0562499999999999e+00
   1.6060895000000000e-01   1.0543590000000000e+00
   1.6028780000000001e-01   1.0531250000000001e+00
   1.6180987999999999e-01   1.0586849000000000e+00
   1.6201008000000000e-01   1.0593750000000000e+00
   1.6110156000000000e-01   1.0562499999999999e+00
   2.1217122999999999e-01   1.1437500000000000e+00
   2.1039163000000000e-01   1.1416416000000000e+00
   2.0953901999999999e-01   1.1406250000000000e+00
   2.0696107000000000e-01   1.1375000000000000e+00
   2.0937499000000001e-01   1.1404277000000000e+00
   2.1250000999999999e-01   1.1441356000000000e+00
   2.1217122999999999e-01   1.1437500000000000e+00
   2.5624998999999998e-01   1.1882355000000000e+00
   2.5540966999999998e-01   1.1875000000000000e+00
   2.6089542999999998e-01   1.1922295999999999e+00
   2.5937501000000002e-01   1.1909308999999999e+00
   2.6249999000000002e-01   1.1935803000000000e+00
   2.5901766999999998e-01   1.1906250000000000e+00
   2.5937501000000002e-01   1.1909308999999999e+00
   2.5901766999999998e-01   1.1906250000000000e+00
   2.5624998999999998e-01   1.1882355000000000e+00
   7.4374998000000003e-01   1.1882462000000000e+00
   7.4099461000000000e-01   1.1906250000000000e+00
   7.4062501999999997e-01   1.1909414000000000e+00
   7.4099461000000000e-01   1.1906250000000000e+00
   7.3750000999999998e-01   1.1935905000000000e+00
   7.4062501999999997e-01   1.1909414000000000e+00
   7.3851038000000002e-01   1.1927395999999999e+00
   7.4460258999999995e-01   1.1875000000000000e+00
   7.4374998000000003e-01   1.1882462000000000e+00
   7.8784054999999997e-01   1.1437500000000000e+00
   7.8750001999999997e-01   1.1441494000000001e+00
   7.9062498000000003e-01   1.1404417000000000e+00
   7.9305049000000005e-01   1.1375000000000000e+00
   7.9047259000000003e-01   1.1406250000000000e+00
   7.8911697999999997e-01   1.1422420000000000e+00
   7.8784054999999997e-01   1.1437500000000000e+00
   3.6074017000000003e-01   1.2548847999999999e+00
   3.5937500000000000e-01   1.2542901000000000e+00
   3.6250000999999998e-01   1.2556451000000000e+00
   3.5676934999999999e-01   1.2531250000000000e+00
   3.5937500000000000e-01   1.2542901000000000e+00
   3.5676934999999999e-01   1.2531250000000000e+00
   3.5624999000000002e-01   1.2528925000000000e+00
   3.3951746999999999e-01   1.2448575000000000e+00
   3.4062499000000002e-01   1.2454234000000000e+00
   3.3750001000000002e-01   1.2438145000000000e+00
   3.4353760999999999e-01   1.2468750000000000e+00
   3.4062499000000002e-01   1.2454234000000000e+00
   3.4353760999999999e-01   1.2468750000000000e+00
   3.4375000000000000e-01   1.2469806999999999e+00
   8.2310673999999995e-01   1.0937500000000000e+00
   8.2478702999999998e-01   1.0906250000000000e+00
   8.2377195000000003e-01   1.0925220000000000e+00
   2.9115228999999998e-01   1.2156250000000000e+00
   2.9062501000000002e-01   1.2152546000000000e+00
   2.9115228999999998e-01   1.2156250000000000e+00
   2.9374999000000002e-01   1.2174440000000000e+00
   2.9374999000000002e-01   1.2174440000000000e+00
   2.9565818999999999e-01   1.2187500000000000e+00
   2.8250208999999998e-01   1.2093750000000001e+00
   2.8437500999999998e-01   1.2107588000000000e+00
   2.8250208999999998e-01   1.2093750000000001e+00
   2.8125000000000000e-01   1.2084459000000001e+00
   2.8125000000000000e-01   1.2084459000000001e+00
   2.7834924000000000e-01   1.2062500000000000e+00
   4.8437500000000000e-01   1.2839510999999999e+00
   4.8180437999999998e-01   1.2838206000000001e+00
   4.8124999000000002e-01   1.2837924000000001e+00
   4.8750000999999998e-01   1.2840794000000000e+00
   4.8478209999999999e-01   1.2839678999999999e+00
   4.8437500000000000e-01   1.2839510999999999e+00
   4.7812501000000002e-01   1.2836061000000001e+00
   4.7592050000000002e-01   1.2834544999999999e+00
   4.7499998999999998e-01   1.2833908999999999e+00
   4.8124999000000002e-01   1.2837924000000001e+00
   4.7885053000000000e-01   1.2836495000000001e+00
   4.7812501000000002e-01   1.2836061000000001e+00
   4.9687499000000002e-01   1.2842950000000000e+00
   4.9387108000000002e-01   1.2842538999999999e+00
   4.9375001000000002e-01   1.2842522999999999e+00
   5.0000000000000000e-01   1.2843100999999999e+00
   4.9695461000000002e-01   1.2842954000000000e+00
   4.9687499000000002e-01   1.2842950000000000e+00
   4.9062498999999998e-01   1.2841806000000000e+00
   4.8778635999999997e-01   1.2840886000000000e+00
   4.8750000999999998e-01   1.2840794000000000e+00
   4.9375001000000002e-01   1.2842522999999999e+00
   4.9081497000000002e-01   1.2841849999999999e+00
   4.9062498999999998e-01   1.2841806000000000e+00
   3.1650293000000002e-01   9.2412207999999996e-01
   3.1562500999999998e-01   9.2423509999999998e-01
   3.1874998999999998e-01   9.2383267000000002e-01
   3.9178624000000001e-01   9.1758874999999995e-01
   3.9062500000000000e-01   9.1765065000000001e-01
   3.9375000999999998e-01   9.1748412999999995e-01
   3.8749999000000002e-01   9.1782379000000003e-01
   3.9062500000000000e-01   9.1765065000000001e-01
   3.8848044999999998e-01   9.1776952999999994e-01
   3.9837415999999998e-01   9.1725082999999996e-01
   3.9687498999999998e-01   9.1732444999999996e-01
   4.0000001000000002e-01   9.1717097999999997e-01
   3.9375000999999998e-01   9.1748412999999995e-01
   3.9687498999999998e-01   9.1732444999999996e-01
   3.9508399999999999e-01   9.1741598999999996e-01
   3.7851321999999998e-01   9.1836178000000002e-01
   3.7812500999999998e-01   9.1838598999999999e-01
   3.8124998999999998e-01   9.1819134000000002e-01
   3.7500000000000000e-01   9.1858834000000000e-01
   3.7812500999999998e-01   9.1838598999999999e-01
   3.7517279999999997e-01   9.1857719000000004e-01
   3.8516666999999999e-01   9.1795831999999999e-01
   3.8437501000000002e-01   9.1800400999999998e-01
   3.8749999000000002e-01   9.1782379000000003e-01
   3.8124998999999998e-01   9.1819134000000002e-01
   3.8437501000000002e-01   9.1800400999999998e-01
   3.8184419000000003e-01   9.1815579999999997e-01
   5.1875000999999998e-01   9.1503573999999999e-01
   5.1623169000000002e-01   9.1501829999999995e-01
   5.1562500000000000e-01   9.1501403000000003e-01
   5.2187501999999997e-01   9.1506171999999997e-01
   5.1933446000000005e-01   9.1504054000000001e-01
   5.1875000999999998e-01   9.1503573999999999e-01
   5.0625001999999997e-01   9.1497229000000002e-01
   5.0378232000000001e-01   9.1496769000000000e-01
   5.0312500999999998e-01   9.1496639000000002e-01
   5.0937498000000003e-01   9.1498228000000004e-01
   5.0690069000000004e-01   9.1497430999999996e-01
   5.0625001999999997e-01   9.1497229000000002e-01
   5.9062499000000002e-01   9.1675026000000004e-01
   5.9254200999999995e-01   9.1683296999999997e-01
   5.9375000000000000e-01   9.1688517999999997e-01
   5.8749998000000003e-01   9.1662076999999997e-01
   5.8954446000000005e-01   9.1670551000000000e-01
   5.9062499000000002e-01   9.1675026000000004e-01
   5.9687500999999998e-01   9.1702625000000004e-01
   5.9852125000000000e-01   9.1710375000000000e-01
   6.0000001999999997e-01   9.1717342000000002e-01
   5.9375000000000000e-01   9.1688517999999997e-01
   5.9553425000000004e-01   9.1696573999999997e-01
   5.9687500999999998e-01   9.1702625000000004e-01
   5.7812500000000000e-01   9.1626695000000002e-01
   5.8052187000000000e-01   9.1635312000000002e-01
   5.8125000999999998e-01   9.1637933000000005e-01
   5.7499999000000002e-01   9.1615961999999995e-01
   5.7750435000000000e-01   9.1624563000000003e-01
   5.7812500000000000e-01   9.1626695000000002e-01
   5.8437501999999997e-01   9.1649751000000002e-01
   5.8654203999999999e-01   9.1658293999999996e-01
   5.8749998000000003e-01   9.1662076999999997e-01
   5.8125000999999998e-01   9.1637933000000005e-01
   5.8353427999999996e-01   9.1646572000000004e-01
   5.8437501999999997e-01   9.1649751000000002e-01
   4.1562501000000002e-01   9.1649548000000003e-01
   4.1796811000000000e-01   9.1640686999999998e-01
   4.1874999000000002e-01   9.1637731000000000e-01
   4.1249998999999998e-01   9.1661866000000003e-01
   4.1471873999999997e-01   9.1653123999999997e-01
   4.1562501000000002e-01   9.1649548000000003e-01
   4.2187500000000000e-01   9.1626510000000005e-01
   4.2444831999999999e-01   9.1617667000000003e-01
   4.2500000999999998e-01   9.1615771999999995e-01
   4.1874999000000002e-01   9.1637731000000000e-01
   4.2121101000000000e-01   9.1628896999999998e-01
   4.2187500000000000e-01   9.1626510000000005e-01
   4.0312499000000002e-01   9.1702399999999995e-01
   4.0493262000000002e-01   9.1694235999999996e-01
   4.0625000000000000e-01   9.1688287999999996e-01
   4.0000001000000002e-01   9.1717097999999997e-01
   4.0165693000000002e-01   9.1709304999999997e-01
   4.0312499000000002e-01   9.1702399999999995e-01
   4.0937500999999998e-01   9.1674809999999995e-01
   4.1146339999999998e-01   9.1666157999999998e-01
   4.1249998999999998e-01   9.1661866000000003e-01
   4.0625000000000000e-01   9.1688287999999996e-01
   4.0820123000000003e-01   9.1679876000000005e-01
   4.0937500999999998e-01   9.1674809999999995e-01
   4.9375001000000002e-01   9.1497214999999998e-01
   4.9126990999999998e-01   9.1498007000000003e-01
   4.9062498999999998e-01   9.1498206000000004e-01
   4.9687499000000002e-01   9.1496632000000000e-01
   4.9440412000000000e-01   9.1497086999999999e-01
   4.9375001000000002e-01   9.1497214999999998e-01
   4.8124999000000002e-01   9.1503530000000000e-01
   4.7869345000000002e-01   9.1505654000000003e-01
   4.7812501000000002e-01   9.1506120000000002e-01
   4.8437500000000000e-01   9.1501365000000001e-01
   4.8184385000000002e-01   9.1503113000000003e-01
   4.8124999000000002e-01   9.1503530000000000e-01
   6.1632629000000005e-01   9.1804870999999999e-01
   6.1562501999999997e-01   9.1800674000000004e-01
   6.1874998000000003e-01   9.1819421999999995e-01
   6.1250000999999998e-01   9.1782646999999995e-01
   6.1562501999999997e-01   9.1800674000000004e-01
   6.1337313000000004e-01   9.1787686999999996e-01
   6.2221426000000002e-01   9.1841072000000001e-01
   6.2187499000000002e-01   9.1838881999999999e-01
   6.2500000000000000e-01   9.1859137999999996e-01
   6.1874998000000003e-01   9.1819421999999995e-01
   6.2187499000000002e-01   9.1838881999999999e-01
   6.1927314000000000e-01   9.1822683000000005e-01
   6.0447892000000003e-01   9.1739605000000002e-01
   6.0312498000000003e-01   9.1732687999999996e-01
   6.0624999000000002e-01   9.1748666000000001e-01
   6.0000001999999997e-01   9.1717342000000002e-01
   6.0312498000000003e-01   9.1732687999999996e-01
   6.0150276000000003e-01   9.1724722999999997e-01
   6.1041422000000001e-01   9.1771077000000001e-01
   6.0937500000000000e-01   9.1765326000000003e-01
   6.1250000999999998e-01   9.1782646999999995e-01
   6.0624999000000002e-01   9.1748666000000001e-01
   6.0937500000000000e-01   9.1765326000000003e-01
   6.0744935000000000e-01   9.1755063000000003e-01
   6.8124998000000003e-01   9.2383671999999994e-01
   6.8437499000000002e-01   9.2423920000000004e-01
   6.8228063999999999e-01   9.2396935000000002e-01
   1.7548146000000001e-01   1.0911065000000000e+00
   1.7522297000000001e-01   1.0906250000000000e+00
   1.7690378000000001e-01   1.0937500000000000e+00
   1.9374999000000001e-01   1.1202238000000000e+00
   1.9270213000000000e-01   1.1187499999999999e+00
   1.9270213000000000e-01   1.1187499999999999e+00
   1.9062499999999999e-01   1.1157573999999999e+00
   1.9053371000000000e-01   1.1156250000000001e+00
   1.9062499999999999e-01   1.1157573999999999e+00
   1.8237823000000000e-01   1.1031249999999999e+00
   1.8428894000000001e-01   1.1061639000000001e+00
   1.8434321000000001e-01   1.1062500000000000e+00
   1.8237823000000000e-01   1.1031249999999999e+00
   1.8125000999999999e-01   1.1012489999999999e+00
   1.8434321000000001e-01   1.1062500000000000e+00
   1.8437500000000001e-01   1.1063000999999999e+00
   1.8633369999999999e-01   1.1093750000000000e+00
   1.8437500000000001e-01   1.1063000999999999e+00
   8.1562500999999998e-01   1.1063170000000000e+00
   8.1367734999999997e-01   1.1093750000000000e+00
   8.1562500999999998e-01   1.1063170000000000e+00
   8.1566751999999998e-01   1.1062500000000000e+00
   8.1875001999999997e-01   1.1012671999999999e+00
   8.1763246000000001e-01   1.1031249999999999e+00
   8.1566751999999998e-01   1.1062500000000000e+00
   8.1686239000000005e-01   1.1043624000000001e+00
   8.1763246000000001e-01   1.1031249999999999e+00
   8.0937499000000002e-01   1.1157735000000000e+00
   8.0947742000000000e-01   1.1156250000000001e+00
   8.0937499000000002e-01   1.1157735000000000e+00
   8.0730904999999997e-01   1.1187499999999999e+00
   8.0730904999999997e-01   1.1187499999999999e+00
   8.0624998000000003e-01   1.1202395000000001e+00
   5.0937498000000003e-01   1.2841809000000000e+00
   5.0637538999999998e-01   1.2842496000000001e+00
   5.0625001999999997e-01   1.2842525000000000e+00
   5.1249999000000002e-01   1.2840798000000000e+00
   5.0957554000000005e-01   1.2841743999999999e+00
   5.0937498000000003e-01   1.2841809000000000e+00
   5.0312500999999998e-01   1.2842951000000000e+00
   5.0006523000000003e-01   1.2843097999999999e+00
   5.0000000000000000e-01   1.2843100999999999e+00
   5.0625001999999997e-01   1.2842525000000000e+00
   5.0320602000000003e-01   1.2842940000000000e+00
   5.0312500999999998e-01   1.2842951000000000e+00
   5.2187501999999997e-01   1.2836068000000000e+00
   5.1936894000000000e-01   1.2837561000000000e+00
   5.1875000999999998e-01   1.2837930000000000e+00
   5.2499998000000003e-01   1.2833916999999999e+00
   5.2270010000000000e-01   1.2835498999999999e+00
   5.2187501999999997e-01   1.2836068000000000e+00
   5.1562500000000000e-01   1.2839516000000000e+00
   5.1280787000000005e-01   1.2840670999999999e+00
   5.1249999000000002e-01   1.2840798000000000e+00
   5.1875000999999998e-01   1.2837930000000000e+00
   5.1607106000000003e-01   1.2839289000000000e+00
   5.1562500000000000e-01   1.2839516000000000e+00
   7.2166328000000002e-01   1.2062500000000000e+00
   7.1875000000000000e-01   1.2084550999999999e+00
   7.1875000000000000e-01   1.2084550999999999e+00
   7.1751007000000000e-01   1.2093750000000001e+00
   7.1562499000000002e-01   1.2107676999999999e+00
   7.1751007000000000e-01   1.2093750000000001e+00
   7.0435389000000004e-01   1.2187500000000000e+00
   7.0625000999999998e-01   1.2174526000000001e+00
   7.0625000999999998e-01   1.2174526000000001e+00
   7.0886000000000005e-01   1.2156250000000000e+00
   7.0937501999999997e-01   1.2152632000000001e+00
   7.0886000000000005e-01   1.2156250000000000e+00
   8.4244777000000004e-01   1.0205728000000001e+00
   8.4257877000000003e-01   1.0218750000000001e+00
   8.4226440999999996e-01   1.0187500000000000e+00
   8.4277385999999999e-01   1.0249999999999999e+00
   8.4257877000000003e-01   1.0218750000000001e+00
   8.4270847999999998e-01   1.0239585000000000e+00
   8.4182959999999996e-01   1.0156250000000000e+00
   8.4140322999999995e-01   1.0132782000000000e+00
   8.4126232999999995e-01   1.0125000000000000e+00
   8.4226440999999996e-01   1.0187500000000000e+00
   8.4202471999999995e-01   1.0170246999999999e+00
   8.4182959999999996e-01   1.0156250000000000e+00
   8.4271393999999999e-01   1.0333388999999999e+00
   8.4266713000000004e-01   1.0343750000000000e+00
   8.4280743999999996e-01   1.0312500000000000e+00
   8.4242519000000005e-01   1.0375000000000001e+00
   8.4266713000000004e-01   1.0343750000000000e+00
   8.4252062000000005e-01   1.0362705999999999e+00
   8.4281972000000005e-01   1.0271946999999999e+00
   8.4284009999999998e-01   1.0281250000000000e+00
   8.4277385999999999e-01   1.0249999999999999e+00
   8.4280743999999996e-01   1.0312500000000000e+00
   8.4284009999999998e-01   1.0281250000000000e+00
   8.4281762999999998e-01   1.0303176000000001e+00
   1.7008572000000000e-01   9.8571072999999998e-01
   1.7102618999999999e-01   9.8437500000000000e-01
   1.6892383000000000e-01   9.8750000999999998e-01
   1.7187500000000000e-01   9.8321705000000004e-01
   1.7102618999999999e-01   9.8437500000000000e-01
   1.7187500000000000e-01   9.8321705000000004e-01
   1.7336124000000000e-01   9.8124999000000002e-01
   1.6529748999999999e-01   9.9374998000000003e-01
   1.6439587000000000e-01   9.9564585000000005e-01
   1.6380666999999999e-01   9.9687499000000002e-01
   1.6875000000000001e-01   9.8778312999999995e-01
   1.6700888999999999e-01   9.9062501999999997e-01
   1.6562500999999999e-01   9.9313430999999996e-01
   1.6700888999999999e-01   9.9062501999999997e-01
   1.6562500999999999e-01   9.9313430999999996e-01
   1.6529748999999999e-01   9.9374998000000003e-01
   1.6892383000000000e-01   9.8750000999999998e-01
   1.6875000000000001e-01   9.8778312999999995e-01
   1.9062499999999999e-01   9.6452362999999997e-01
   1.9338338999999999e-01   9.6249998000000003e-01
   1.8750000000000000e-01   9.6698379000000001e-01
   1.8920443000000001e-01   9.6562499000000002e-01
   1.8540507000000001e-01   9.6875000000000000e-01
   1.8750000000000000e-01   9.6698379000000001e-01
   1.8125000999999999e-01   9.7254187000000003e-01
   1.8195085999999999e-01   9.7187500999999998e-01
   1.8437500000000001e-01   9.6965182000000005e-01
   1.8195085999999999e-01   9.7187500999999998e-01
   1.8437500000000001e-01   9.6965182000000005e-01
   1.8540507000000001e-01   9.6875000000000000e-01
   8.1459285999999997e-01   9.6875000000000000e-01
   8.1562500999999998e-01   9.6965345999999997e-01
   8.1804774999999996e-01   9.7187500999999998e-01
   8.1562500999999998e-01   9.6965345999999997e-01
   8.1804774999999996e-01   9.7187500999999998e-01
   8.1875001999999997e-01   9.7254306000000001e-01
   8.1250000000000000e-01   9.6698585000000004e-01
   8.1459285999999997e-01   9.6875000000000000e-01
   8.1079268000000004e-01   9.6562499000000002e-01
   8.1250000000000000e-01   9.6698585000000004e-01
   8.0661287000000004e-01   9.6249998000000003e-01
   8.0937499000000002e-01   9.6452605999999996e-01
   8.3125000999999998e-01   9.8778067000000003e-01
   8.3107763000000001e-01   9.8750000999999998e-01
   8.3470531000000003e-01   9.9374998000000003e-01
   8.3437501999999997e-01   9.9312937999999995e-01
   8.3299330000000005e-01   9.9062501999999997e-01
   8.3437501999999997e-01   9.9312937999999995e-01
   8.3299330000000005e-01   9.9062501999999997e-01
   8.3125000999999998e-01   9.8778067000000003e-01
   8.3619657999999997e-01   9.9687499000000002e-01
   8.3500571000000001e-01   9.9438068000000002e-01
   8.3470531000000003e-01   9.9374998000000003e-01
   8.2663942000000001e-01   9.8124999000000002e-01
   8.2812500000000000e-01   9.8321568999999998e-01
   8.2897500999999996e-01   9.8437500000000000e-01
   8.2812500000000000e-01   9.8321568999999998e-01
   8.3107763000000001e-01   9.8750000999999998e-01
   8.2897500999999996e-01   9.8437500000000000e-01
   8.3074632999999998e-01   9.8699632999999998e-01
   1.5717653000000001e-01   1.0290515000000000e+00
   1.5716637999999999e-01   1.0281250000000000e+00
   1.5719923999999999e-01   1.0312500000000000e+00
   1.5723229000000000e-01   1.0249999999999999e+00
   1.5716637999999999e-01   1.0281250000000000e+00
   1.5721125999999999e-01   1.0259613000000001e+00
   1.5743138000000001e-01   1.0355563999999999e+00
   1.5733971999999999e-01   1.0343750000000000e+00
   1.5758190999999999e-01   1.0375000000000001e+00
   1.5719923999999999e-01   1.0312500000000000e+00
   1.5733971999999999e-01   1.0343750000000000e+00
   1.5724416999999999e-01   1.0322442000000001e+00
   1.5817571000000000e-01   1.0156250000000000e+00
   1.5793911999999999e-01   1.0173141000000001e+00
   1.5774119000000000e-01   1.0187500000000000e+00
   1.5874258999999999e-01   1.0125000000000000e+00
   1.5835879999999999e-01   1.0146088000000000e+00
   1.5817571000000000e-01   1.0156250000000000e+00
   1.5735755000000001e-01   1.0229826000000000e+00
   1.5742717000000001e-01   1.0218750000000001e+00
   1.5723229000000000e-01   1.0249999999999999e+00
   1.5774119000000000e-01   1.0187500000000000e+00
   1.5742717000000001e-01   1.0218750000000001e+00
   1.5760500000000000e-01   1.0201050000000000e+00
   2.2499999000000001e-01   1.1581163000000001e+00
   2.2326218000000000e-01   1.1562500000000000e+00
   2.1875000000000000e-01   1.1512895000000001e+00
   2.1759932000000001e-01   1.1499999999999999e+00
   2.3848971999999999e-01   1.1718750000000000e+00
   2.3749999999999999e-01   1.1709077999999999e+00
   2.4172967000000001e-01   1.1750000000000000e+00
   2.4062499000000001e-01   1.1739421999999999e+00
   2.3125000000000001e-01   1.1646471000000000e+00
   2.2916553000000001e-01   1.1625000000000001e+00
   2.3531708000000001e-01   1.1687500000000000e+00
   2.3437500000000000e-01   1.1678097999999999e+00
   2.3220958000000000e-01   1.1656249999999999e+00
   2.3437500000000000e-01   1.1678097999999999e+00
   2.3220958000000000e-01   1.1656249999999999e+00
   2.3125000000000001e-01   1.1646471000000000e+00
   2.3749999999999999e-01   1.1709077999999999e+00
   2.3531708000000001e-01   1.1687500000000000e+00
   2.2618350000000001e-01   1.1593750000000000e+00
   2.2499999000000001e-01   1.1581163000000001e+00
   2.2916553000000001e-01   1.1625000000000001e+00
   2.2812500999999999e-01   1.1614169000000001e+00
   2.5000000000000000e-01   1.1826862000000000e+00
   2.4842241000000001e-01   1.1812499999999999e+00
   2.4375000999999999e-01   1.1769158000000000e+00
   2.4172967000000001e-01   1.1750000000000000e+00
   7.5828238000000003e-01   1.1750000000000000e+00
   7.5625001999999997e-01   1.1769272000000000e+00
   7.5158950999999996e-01   1.1812499999999999e+00
   7.5000000000000000e-01   1.1826970000000001e+00
   7.7187501999999997e-01   1.1614294000000001e+00
   7.7084651000000004e-01   1.1625000000000001e+00
   7.7499998000000003e-01   1.1581291000000000e+00
   7.7382846999999999e-01   1.1593750000000000e+00
   7.6469480999999995e-01   1.1687500000000000e+00
   7.6249999000000002e-01   1.1709197000000000e+00
   7.6875000999999998e-01   1.1646593000000001e+00
   7.6780245999999996e-01   1.1656249999999999e+00
   7.6562500000000000e-01   1.1678218000000000e+00
   7.6780245999999996e-01   1.1656249999999999e+00
   7.6562500000000000e-01   1.1678218000000000e+00
   7.6469480999999995e-01   1.1687500000000000e+00
   7.7084651000000004e-01   1.1625000000000001e+00
   7.6875000999999998e-01   1.1646593000000001e+00
   7.5937498000000003e-01   1.1739538000000000e+00
   7.5828238000000003e-01   1.1750000000000000e+00
   7.6249999000000002e-01   1.1709197000000000e+00
   7.6152238000000005e-01   1.1718750000000000e+00
   7.8241254000000005e-01   1.1499999999999999e+00
   7.8125000000000000e-01   1.1513028999999999e+00
   7.7674966999999995e-01   1.1562500000000000e+00
   7.7499998000000003e-01   1.1581291000000000e+00
   8.3480392999999997e-01   1.0687500000000001e+00
   8.3553750000000004e-01   1.0667875000000000e+00
   8.3596214000000002e-01   1.0656250000000000e+00
   8.3360155000000002e-01   1.0718749999999999e+00
   8.3291698000000003e-01   1.0735420000000000e+00
   8.3231606999999996e-01   1.0750000000000000e+00
   8.3437501999999997e-01   1.0698675000000000e+00
   8.3360155000000002e-01   1.0718749999999999e+00
   8.3437501999999997e-01   1.0698675000000000e+00
   8.3480392999999997e-01   1.0687500000000001e+00
   8.3231606999999996e-01   1.0750000000000000e+00
   8.3125000999999998e-01   1.0774033999999999e+00
   8.2812500000000000e-01   1.0840991000000000e+00
   8.2798941999999998e-01   1.0843750000000001e+00
   8.2812500000000000e-01   1.0840991000000000e+00
   8.2951786000000005e-01   1.0812500000000000e+00
   4.5882139999999999e-01   1.2818035999999999e+00
   4.5937498999999998e-01   1.2818727999999999e+00
   4.5625000999999998e-01   1.2814793000000000e+00
   4.6250001000000002e-01   1.2822357000000000e+00
   4.5937498999999998e-01   1.2818727999999999e+00
   4.6161648999999999e-01   1.2821335000000000e+00
   4.5625000999999998e-01   1.2814793000000000e+00
   4.5454913000000002e-01   1.2812500000000000e+00
   4.7187500999999998e-01   1.2831456999999999e+00
   4.7013157000000000e-01   1.2829934000000001e+00
   4.6875000000000000e-01   1.2828725000000001e+00
   4.7499998999999998e-01   1.2833908999999999e+00
   4.7301476999999997e-01   1.2832352000000000e+00
   4.7187500999999998e-01   1.2831456999999999e+00
   4.6443295000000001e-01   1.2824420000000001e+00
   4.6562499000000002e-01   1.2825690000000001e+00
   4.6250001000000002e-01   1.2822357000000000e+00
   4.6875000000000000e-01   1.2828725000000001e+00
   4.6562499000000002e-01   1.2825690000000001e+00
   4.6727099000000000e-01   1.2827290000000000e+00
   4.1666062999999998e-01   1.2739644000000001e+00
   4.1562501000000002e-01   1.2737061000000001e+00
   4.1874999000000002e-01   1.2744812999999999e+00
   4.0875272000000001e-01   1.2718750000000001e+00
   4.0937500999999998e-01   1.2720476999999999e+00
   4.0875272000000001e-01   1.2718750000000001e+00
   4.0625000000000000e-01   1.2711825999999999e+00
   4.3545625999999998e-01   1.2781250000000000e+00
   4.3750000000000000e-01   1.2785167000000000e+00
   4.3437499000000002e-01   1.2779182000000000e+00
   4.3194195000000002e-01   1.2774331000000001e+00
   4.3125001000000002e-01   1.2772939999999999e+00
   4.4062500999999998e-01   1.2790889000000001e+00
   4.4246816999999999e-01   1.2794068000000001e+00
   4.4374998999999998e-01   1.2796269000000000e+00
   4.3750000000000000e-01   1.2785167000000000e+00
   4.3980933999999999e-01   1.2789406999999999e+00
   4.4062500999999998e-01   1.2790889000000001e+00
   6.8492648000000000e-01   1.2312500000000000e+00
   6.8750000000000000e-01   1.2296904000000000e+00
   6.8354194000000001e-01   1.2320830000000000e+00
   6.8437499000000002e-01   1.2315830000000001e+00
   6.8124998000000003e-01   1.2334525000000001e+00
   6.8437499000000002e-01   1.2315830000000001e+00
   6.8492648000000000e-01   1.2312500000000000e+00
   6.8124998000000003e-01   1.2334525000000001e+00
   6.7966512999999995e-01   1.2343750000000000e+00
   6.7812501999999997e-01   1.2352704000000001e+00
   6.7966512999999995e-01   1.2343750000000000e+00
   6.9375001999999997e-01   1.2257659000000001e+00
   6.9164692999999999e-01   1.2271030999999999e+00
   6.9062500999999998e-01   1.2277482000000000e+00
   6.8750000000000000e-01   1.2296904000000000e+00
   6.9001979000000002e-01   1.2281249999999999e+00
   6.6263603999999998e-01   1.2437499999999999e+00
   6.6250001999999997e-01   1.2438207999999999e+00
   6.6874999000000002e-01   1.2405109999999999e+00
   6.6853826000000005e-01   1.2406250000000001e+00
   6.6562498000000003e-01   1.2421914000000001e+00
   6.6853826000000005e-01   1.2406250000000001e+00
   6.6562498000000003e-01   1.2421914000000001e+00
   6.6263603999999998e-01   1.2437499999999999e+00
   6.7187500000000000e-01   1.2388063000000000e+00
   6.6900033999999997e-01   1.2403747000000001e+00
   6.6874999000000002e-01   1.2405109999999999e+00
   6.2187499000000002e-01   1.2619275999999999e+00
   6.2032387000000000e-01   1.2625000000000000e+00
   6.1874998000000003e-01   1.2630819000000000e+00
   6.1562501999999997e-01   1.2642120999999999e+00
   6.1783792999999998e-01   1.2634121000000000e+00
   6.2032387000000000e-01   1.2625000000000000e+00
   6.1874998000000003e-01   1.2630819000000000e+00
   6.0366158999999997e-01   1.2682134000000000e+00
   6.0312498000000003e-01   1.2683838000000001e+00
   6.0624999000000002e-01   1.2673923000000000e+00
   6.0312498000000003e-01   1.2683838000000001e+00
   6.0193655999999995e-01   1.2687500000000000e+00
   6.0937500000000000e-01   1.2663603999999999e+00
   6.1153959000000002e-01   1.2656250000000000e+00
   6.0624999000000002e-01   1.2673923000000000e+00
   6.0827629999999999e-01   1.2667237000000000e+00
   6.0937500000000000e-01   1.2663603999999999e+00
   6.3607815999999995e-01   1.2562500000000001e+00
   6.3749999000000002e-01   1.2556502000000000e+00
   6.3314526000000004e-01   1.2574797000000000e+00
   6.3437498000000003e-01   1.2569688000000001e+00
   6.3125001999999997e-01   1.2582640000000000e+00
   6.3437498000000003e-01   1.2569688000000001e+00
   6.3607815999999995e-01   1.2562500000000001e+00
   6.3125001999999997e-01   1.2582640000000000e+00
   6.2846184000000005e-01   1.2593749999999999e+00
   6.2812500999999998e-01   1.2595091000000000e+00
   6.2846184000000005e-01   1.2593749999999999e+00
   3.4062499000000002e-01   9.2138498999999996e-01
   3.3769665999999998e-01   9.2167834000000004e-01
   3.3750001000000002e-01   9.2169805000000005e-01
   3.4375000000000000e-01   9.2108248000000004e-01
   3.4116741000000000e-01   9.2133257999999996e-01
   3.4062499000000002e-01   9.2138498999999996e-01
   3.3125000999999998e-01   9.2235911000000004e-01
   3.3420850000000002e-01   9.2204149000000002e-01
   3.3437498999999998e-01   9.2202357999999995e-01
   3.3750001000000002e-01   9.2169805000000005e-01
   3.3580091000000001e-01   9.2187500000000000e-01
   3.0927933000000002e-01   9.2509567000000004e-01
   3.0937499000000002e-01   9.2508195000000004e-01
   3.0625001000000002e-01   9.2552966000000003e-01
   3.6509243000000002e-01   9.1928255999999997e-01
   3.6562498999999998e-01   9.1924245000000004e-01
   3.6250000999999998e-01   9.1947787999999997e-01
   3.6875001000000002e-01   9.1901737999999999e-01
   3.6562498999999998e-01   9.1924245000000004e-01
   3.6846181000000000e-01   9.1903818999999998e-01
   3.7259126999999997e-01   9.1874999000000002e-01
   3.7500000000000000e-01   9.1858834000000000e-01
   3.5831811000000002e-01   9.1980687999999999e-01
   3.5937500000000000e-01   9.1972129999999996e-01
   3.5624999000000002e-01   9.1997434000000000e-01
   3.6250000999999998e-01   9.1947787999999997e-01
   3.5937500000000000e-01   9.1972129999999996e-01
   3.6171055000000002e-01   9.1953945000000004e-01
   2.2982549999999999e-01   9.4375001999999997e-01
   2.3125000000000001e-01   9.4321396000000002e-01
   2.3437500000000000e-01   9.4208930000000002e-01
   2.3691261999999999e-01   9.4121239000000001e-01
   2.3749999999999999e-01   9.4100927000000001e-01
   2.3125000000000001e-01   9.4321396000000002e-01
   2.3437500000000000e-01   9.4208930000000002e-01
   2.3208759000000001e-01   9.4291243000000002e-01
   2.1616657000000000e-01   9.4945842000000003e-01
   2.1562500000000001e-01   9.4970549000000004e-01
   2.1875000000000000e-01   9.4828080999999997e-01
   2.8437500999999998e-01   9.2914916000000003e-01
   2.8694989999999998e-01   9.2867511000000003e-01
   2.8749998999999998e-01   9.2857374000000004e-01
   2.8125000000000000e-01   9.2974542999999998e-01
   2.8310940000000001e-01   9.2939061000000001e-01
   2.8437500999999998e-01   9.2914916000000003e-01
   2.9374999000000002e-01   9.2748553000000000e-01
   2.9075220000000002e-01   9.2799783000000002e-01
   2.9062501000000002e-01   9.2801951999999999e-01
   2.8749998999999998e-01   9.2857374000000004e-01
   2.9002937000000001e-01   9.2812501999999997e-01
   2.5624998999999998e-01   9.3541368000000003e-01
   2.5906320999999999e-01   9.3468678000000005e-01
   2.5937501000000002e-01   9.3460600000000005e-01
   2.6249999000000002e-01   9.3382955000000001e-01
   2.6030346999999998e-01   9.3437499000000002e-01
   2.5312500999999998e-01   9.3625404999999995e-01
   2.5482955000000002e-01   9.3579544000000003e-01
   2.5624998999999998e-01   9.3541368000000003e-01
   2.7133309999999999e-01   9.3179188000000002e-01
   2.7187498999999998e-01   9.3167158000000005e-01
   2.6875000999999998e-01   9.3236452999999997e-01
   2.7187498999999998e-01   9.3167158000000005e-01
   2.7385123000000000e-01   9.3124998000000003e-01
   2.6562500000000000e-01   9.3308305000000002e-01
   2.6321646999999998e-01   9.3365851000000000e-01
   2.6249999000000002e-01   9.3382955000000001e-01
   2.6875000999999998e-01   9.3236452999999997e-01
   2.6562500000000000e-01   9.3308305000000002e-01
   2.6730295999999998e-01   9.3269703000000004e-01
   5.4374999000000002e-01   9.1535801000000006e-01
   5.4094122000000000e-01   9.1530873999999995e-01
   5.4062498000000003e-01   9.1530314999999995e-01
   5.4687500000000000e-01   9.1541753000000003e-01
   5.4401200999999999e-01   9.1536295999999995e-01
   5.4374999000000002e-01   9.1535801000000006e-01
   5.3125000000000000e-01   9.1516363000000001e-01
   5.2861831000000004e-01   9.1513166999999995e-01
   5.2812499000000002e-01   9.1512561999999997e-01
   5.3437500999999998e-01   9.1520599000000002e-01
   5.3170523999999997e-01   9.1516973999999995e-01
   5.3125000000000000e-01   9.1516363000000001e-01
   5.6562500999999998e-01   9.1586898000000005e-01
   5.6842387000000005e-01   9.1595112999999995e-01
   5.6875001999999997e-01   9.1596071999999995e-01
   5.6250000000000000e-01   9.1578174999999995e-01
   5.6538763000000003e-01   9.1586235999999999e-01
   5.6562500999999998e-01   9.1586898000000005e-01
   5.7187498000000003e-01   9.1605773000000001e-01
   5.7448224999999997e-01   9.1614271999999997e-01
   5.7499999000000002e-01   9.1615961999999995e-01
   5.6875001999999997e-01   9.1596071999999995e-01
   5.7145526000000002e-01   9.1604470999999998e-01
   5.7187498000000003e-01   9.1605773000000001e-01
   5.5624998000000003e-01   9.1562211000000004e-01
   5.5319868999999999e-01   9.1555131000000001e-01
   5.5312501999999997e-01   9.1554959000000002e-01
   5.5937499000000002e-01   9.1569988000000002e-01
   5.6234724000000003e-01   9.1577774000000001e-01
   5.6250000000000000e-01   9.1578174999999995e-01
   5.5636514999999997e-01   9.1562498000000003e-01
   5.5937499000000002e-01   9.1569988000000002e-01
   5.5636514999999997e-01   9.1562498000000003e-01
   5.5624998000000003e-01   9.1562211000000004e-01
   4.4374998999999998e-01   9.1562072000000005e-01
   4.4357872999999998e-01   9.1562498000000003e-01
   4.4062500999999998e-01   9.1569838999999997e-01
   4.4357872999999998e-01   9.1562498000000003e-01
   4.3750000000000000e-01   9.1578018000000005e-01
   4.4054963000000003e-01   9.1570035999999999e-01
   4.4062500999999998e-01   9.1569838999999997e-01
   4.4687501000000002e-01   9.1554824000000001e-01
   4.4375435000000002e-01   9.1562062000000000e-01
   4.4374998999999998e-01   9.1562072000000005e-01
   4.2812498999999998e-01   9.1605603000000002e-01
   4.3090534000000003e-01   9.1596964999999997e-01
   4.3125001000000002e-01   9.1595894000000000e-01
   4.2500000999999998e-01   9.1615771999999995e-01
   4.2767943000000003e-01   9.1607055000000004e-01
   4.2812498999999998e-01   9.1605603000000002e-01
   4.3437499000000002e-01   9.1586740000000000e-01
   4.3734033999999999e-01   9.1578464000000004e-01
   4.3750000000000000e-01   9.1578018000000005e-01
   4.3125001000000002e-01   9.1595894000000000e-01
   4.3412524000000002e-01   9.1587472999999997e-01
   4.3437499000000002e-01   9.1586740000000000e-01
   4.6875000000000000e-01   9.1516286000000002e-01
   4.6605053000000002e-01   9.1519945000000003e-01
   4.6562499000000002e-01   9.1520515999999996e-01
   4.7187500999999998e-01   9.1512494000000000e-01
   4.6921784999999999e-01   9.1515714000000004e-01
   4.6875000000000000e-01   9.1516286000000002e-01
   4.5625000999999998e-01   9.1535692000000002e-01
   4.5333764999999998e-01   9.1541233000000000e-01
   4.5312500000000000e-01   9.1541634000000005e-01
   4.5937498999999998e-01   9.1530217000000003e-01
   4.5652289000000001e-01   9.1535210000000000e-01
   4.5625000999999998e-01   9.1535692000000002e-01
   7.3288120000000001e-01   9.3274378000000002e-01
   7.3437500000000000e-01   9.3308769999999996e-01
   7.3124999000000002e-01   9.3236898999999995e-01
   7.3750000999999998e-01   9.3383404999999997e-01
   7.3541460000000003e-01   9.3333538999999999e-01
   7.3437500000000000e-01   9.3308769999999996e-01
   7.2612754999999995e-01   9.3124998000000003e-01
   7.2812498000000003e-01   9.3167622999999999e-01
   7.3124999000000002e-01   9.3236898999999995e-01
   7.2812498000000003e-01   9.3167622999999999e-01
   7.3033451000000005e-01   9.3216546000000000e-01
   7.4374998000000003e-01   9.3541828999999999e-01
   7.4539093000000001e-01   9.3585905000000003e-01
   7.4687499000000002e-01   9.3625846000000001e-01
   7.3967826999999997e-01   9.3437499000000002e-01
   7.3750000999999998e-01   9.3383404999999997e-01
   7.4062501999999997e-01   9.3461057000000003e-01
   7.4292203000000001e-01   9.3520294999999998e-01
   7.4374998000000003e-01   9.3541828999999999e-01
   7.0994447000000005e-01   9.2812501999999997e-01
   7.1249998000000003e-01   9.2857805000000004e-01
   7.0937501999999997e-01   9.2802421999999996e-01
   7.0679283000000004e-01   9.2758220000000002e-01
   7.0625000999999998e-01   9.2748967999999998e-01
   7.1562499000000002e-01   9.2915375000000000e-01
   7.1738570999999995e-01   9.2948929000000002e-01
   7.1875000000000000e-01   9.2974986000000004e-01
   7.1249998000000003e-01   9.2857805000000004e-01
   7.1475652999999995e-01   9.2899346999999999e-01
   7.1562499000000002e-01   9.2915375000000000e-01
   7.8125000000000000e-01   9.4828497000000000e-01
   7.8437500999999998e-01   9.4970955000000001e-01
   7.8243010000000002e-01   9.4881989000000000e-01
   7.6684401000000002e-01   9.4253100999999995e-01
   7.6562500000000000e-01   9.4209359999999998e-01
   7.6875000999999998e-01   9.4321832000000005e-01
   7.6249999000000002e-01   9.4101378999999996e-01
   7.6453543000000002e-01   9.4171457999999997e-01
   7.6562500000000000e-01   9.4209359999999998e-01
   7.6875000999999998e-01   9.4321832000000005e-01
   7.7016298000000005e-01   9.4375001999999997e-01
   6.3972097000000006e-01   9.1965401999999996e-01
   6.4062500000000000e-01   9.1972456000000002e-01
   6.3749999000000002e-01   9.1948105999999996e-01
   6.4375000999999998e-01   9.1997775999999998e-01
   6.4062500000000000e-01   9.1972456000000002e-01
   6.4261425000000005e-01   9.1988574999999995e-01
   6.2500000000000000e-01   9.1859137999999996e-01
   6.2736356999999998e-01   9.1874999000000002e-01
   6.3391218999999999e-01   9.1921279000000000e-01
   6.3437498000000003e-01   9.1924638999999997e-01
   6.3125001999999997e-01   9.1901962000000004e-01
   6.3749999000000002e-01   9.1948105999999996e-01
   6.3437498000000003e-01   9.1924638999999997e-01
   6.3682004000000003e-01   9.1942994000000000e-01
   6.9375001999999997e-01   9.2553324999999997e-01
   6.9062500999999998e-01   9.2508617000000004e-01
   6.9328365999999997e-01   9.2546636999999998e-01
   6.6416428999999999e-01   9.2187500000000000e-01
   6.6250001999999997e-01   9.2170180999999995e-01
   6.6562498000000003e-01   9.2202709999999999e-01
   6.6830939000000000e-01   9.2231560000000001e-01
   6.6874999000000002e-01   9.2236306000000001e-01
   6.5937500999999998e-01   9.2138865999999997e-01
   6.5696947000000006e-01   9.2115552999999994e-01
   6.5625000000000000e-01   9.2108604000000005e-01
   6.6250001999999997e-01   9.2170180999999995e-01
   6.5981701999999998e-01   9.2143299000000001e-01
   6.5937500999999998e-01   9.2138865999999997e-01
   1.7049231000000001e-01   1.0812500000000000e+00
   1.7187500000000000e-01   1.0840787000000001e+00
   1.7202054999999999e-01   1.0843750000000001e+00
   1.7187500000000000e-01   1.0840787000000001e+00
   1.6875000000000001e-01   1.0773832000000001e+00
   1.6769380000000000e-01   1.0750000000000000e+00
   1.6520584999999999e-01   1.0687500000000001e+00
   1.6562500999999999e-01   1.0698429000000000e+00
   1.6640746000000001e-01   1.0718749999999999e+00
   1.6562500999999999e-01   1.0698429000000000e+00
   1.6769380000000000e-01   1.0750000000000000e+00
   1.6695370000000001e-01   1.0732037000000001e+00
   1.6640746000000001e-01   1.0718749999999999e+00
   1.6404715000000000e-01   1.0656250000000000e+00
   1.6495877000000000e-01   1.0680837999999999e+00
   1.6520584999999999e-01   1.0687500000000001e+00
   2.0624999999999999e-01   1.1366231000000000e+00
   2.0696107000000000e-01   1.1375000000000000e+00
   2.0198469999999999e-01   1.1312500000000001e+00
   2.0312500000000000e-01   1.1327069999999999e+00
   2.0444201000000001e-01   1.1343749999999999e+00
   2.0312500000000000e-01   1.1327069999999999e+00
   2.0444201000000001e-01   1.1343749999999999e+00
   2.0624999999999999e-01   1.1366231000000000e+00
   2.1485686000000001e-01   1.1468750000000001e+00
   2.1250000999999999e-01   1.1441356000000000e+00
   2.1759932000000001e-01   1.1499999999999999e+00
   2.1562500000000001e-01   1.1477558999999999e+00
   2.5187918999999998e-01   1.1843750000000000e+00
   2.5000000000000000e-01   1.1826862000000000e+00
   2.5540966999999998e-01   1.1875000000000000e+00
   2.5312500999999998e-01   1.1854853000000001e+00
   2.6270269000000002e-01   1.1937500000000001e+00
   2.6562500000000000e-01   1.1961807000000000e+00
   2.6647296999999998e-01   1.1968749999999999e+00
   2.6562500000000000e-01   1.1961807000000000e+00
   2.6647296999999998e-01   1.1968749999999999e+00
   2.6875000999999998e-01   1.1987291000000000e+00
   2.6249999000000002e-01   1.1935803000000000e+00
   2.6270269000000002e-01   1.1937500000000001e+00
   7.3730941999999999e-01   1.1937500000000001e+00
   7.3750000999999998e-01   1.1935905000000000e+00
   7.3124999000000002e-01   1.1987391000000001e+00
   7.3353933999999998e-01   1.1968749999999999e+00
   7.3437500000000000e-01   1.1961908000000001e+00
   7.3353933999999998e-01   1.1968749999999999e+00
   7.3437500000000000e-01   1.1961908000000001e+00
   7.3730941999999999e-01   1.1937500000000001e+00
   7.4687499000000002e-01   1.1854962000000000e+00
   7.4460258999999995e-01   1.1875000000000000e+00
   7.5000000000000000e-01   1.1826970000000001e+00
   7.4813313000000004e-01   1.1843750000000000e+00
   7.8437500999999998e-01   1.1477695000000001e+00
   7.8241254000000005e-01   1.1499999999999999e+00
   7.8750001999999997e-01   1.1441494000000001e+00
   7.8515504999999997e-01   1.1468750000000001e+00
   7.9374999000000002e-01   1.1366373999999999e+00
   7.9556956999999995e-01   1.1343749999999999e+00
   7.9687500000000000e-01   1.1327217999999999e+00
   7.9556956999999995e-01   1.1343749999999999e+00
   7.9687500000000000e-01   1.1327217999999999e+00
   7.9802689999999998e-01   1.1312500000000001e+00
   7.9305049000000005e-01   1.1375000000000000e+00
   7.9374999000000002e-01   1.1366373999999999e+00
   3.7155166000000001e-01   1.2593749999999999e+00
   3.7187499000000002e-01   1.2595037000000000e+00
   3.7155166000000001e-01   1.2593749999999999e+00
   3.6875001000000002e-01   1.2582593000000000e+00
   3.6393406000000000e-01   1.2562500000000001e+00
   3.6562498999999998e-01   1.2569637000000000e+00
   3.6875001000000002e-01   1.2582593000000000e+00
   3.6562498999999998e-01   1.2569637000000000e+00
   3.6732764000000001e-01   1.2576723999999999e+00
   3.6250000999999998e-01   1.2556451000000000e+00
   3.6393406000000000e-01   1.2562500000000001e+00
   3.9062500000000000e-01   1.2663564000000000e+00
   3.9242259000000002e-01   1.2669524000000001e+00
   3.9375000999999998e-01   1.2673885000000000e+00
   3.8847250000000000e-01   1.2656250000000000e+00
   3.9062500000000000e-01   1.2663564000000000e+00
   3.9807548999999998e-01   1.2687500000000000e+00
   3.9687498999999998e-01   1.2683800000000001e+00
   3.9375000999999998e-01   1.2673885000000000e+00
   3.9687498999999998e-01   1.2683800000000001e+00
   3.9478240999999997e-01   1.2677175999999999e+00
   3.8124998999999998e-01   1.2630775000000001e+00
   3.7968858999999999e-01   1.2625000000000000e+00
   3.8311855000000000e-01   1.2637563999999999e+00
   3.8437501000000002e-01   1.2642078000000001e+00
   3.8124998999999998e-01   1.2630775000000001e+00
   3.7968858999999999e-01   1.2625000000000000e+00
   3.7812500999999998e-01   1.2619228000000000e+00
   3.3125000999999998e-01   1.2405044999999999e+00
   3.2930277000000002e-01   1.2394472000000001e+00
   3.2812500000000000e-01   1.2387995999999999e+00
   3.3737595999999997e-01   1.2437499999999999e+00
   3.3437498999999998e-01   1.2421850000000001e+00
   3.3147378999999999e-01   1.2406250000000001e+00
   3.3437498999999998e-01   1.2421850000000001e+00
   3.3147378999999999e-01   1.2406250000000001e+00
   3.3125000999999998e-01   1.2405044999999999e+00
   3.3750001000000002e-01   1.2438145000000000e+00
   3.3737595999999997e-01   1.2437499999999999e+00
   3.0999293000000000e-01   1.2281249999999999e+00
   3.1250000000000000e-01   1.2296834000000001e+00
   3.0937499000000002e-01   1.2277401999999999e+00
   3.0769382000000001e-01   1.2266812000000000e+00
   3.0625001000000002e-01   1.2257591999999999e+00
   3.2034695000000002e-01   1.2343750000000000e+00
   3.2187501000000002e-01   1.2352634000000000e+00
   3.2034695000000002e-01   1.2343750000000000e+00
   3.1874998999999998e-01   1.2334453000000001e+00
   3.1508517000000003e-01   1.2312500000000000e+00
   3.1562500999999998e-01   1.2315757000000001e+00
   3.1874998999999998e-01   1.2334453000000001e+00
   3.1562500999999998e-01   1.2315757000000001e+00
   3.1737326999999999e-01   1.2326267000000000e+00
   3.1250000000000000e-01   1.2296834000000001e+00
   3.1508517000000003e-01   1.2312500000000000e+00
   5.5937499000000002e-01   1.2790912000000001e+00
   5.6201814000000005e-01   1.2786069000000000e+00
   5.6250000000000000e-01   1.2785190000000000e+00
   5.5624998000000003e-01   1.2796289999999999e+00
   5.5820802999999997e-01   1.2792920000000001e+00
   5.5937499000000002e-01   1.2790912000000001e+00
   5.6875001999999997e-01   1.2772965000000001e+00
   5.6588059000000002e-01   1.2778693999999999e+00
   5.6562500999999998e-01   1.2779206000000001e+00
   5.6250000000000000e-01   1.2785190000000000e+00
   5.6455602999999999e-01   1.2781250000000000e+00
   5.9375000000000000e-01   1.2711859999999999e+00
   5.9125923000000002e-01   1.2718750000000001e+00
   5.9062499000000002e-01   1.2720510000000000e+00
   5.9125923000000002e-01   1.2718750000000001e+00
   5.8125000999999998e-01   1.2744842000000001e+00
   5.8437501999999997e-01   1.2737091000000000e+00
   5.8193629000000002e-01   1.2743137000000000e+00
   5.3291294000000000e-01   1.2827120999999999e+00
   5.3437500999999998e-01   1.2825702999999999e+00
   5.3125000000000000e-01   1.2828733000000001e+00
   5.3750001999999997e-01   1.2822370000000001e+00
   5.3437500999999998e-01   1.2825702999999999e+00
   5.3639523000000000e-01   1.2823548000000000e+00
   5.2812499000000002e-01   1.2831467999999999e+00
   5.2606693000000004e-01   1.2833081000000000e+00
   5.2499998000000003e-01   1.2833916999999999e+00
   5.3125000000000000e-01   1.2828733000000001e+00
   5.2947105999999999e-01   1.2830288999999999e+00
   5.2812499000000002e-01   1.2831467999999999e+00
   5.4546296000000005e-01   1.2812500000000000e+00
   5.4374999000000002e-01   1.2814810000000001e+00
   5.3991898999999999e-01   1.2819560000000001e+00
   5.4062498000000003e-01   1.2818742000000001e+00
   5.3750001999999997e-01   1.2822370000000001e+00
   5.4374999000000002e-01   1.2814810000000001e+00
   5.4062498000000003e-01   1.2818742000000001e+00
   5.4348595000000000e-01   1.2815140000000000e+00
