   0.0000000000000000e+00   1.9633600000000001e-01   1.0000000000000000e+00   5.0000000000000000e-01   0.0000000000000000e+00
   5.0781200000000002e-03   1.9633600000000001e-01   9.9999899999999997e-01   5.0000699999999998e-01   2.6188900000000000e-03
   9.9609399999999997e-03   1.9633600000000001e-01   9.9999300000000002e-01   5.0002500000000005e-01   5.1975500000000004e-03
   1.5039100000000000e-02   1.9633600000000001e-01   9.9998100000000001e-01   5.0005800000000000e-01   7.8553900000000003e-03
   1.9921899999999999e-02   1.9633600000000001e-01   9.9996399999999996e-01   5.0010299999999996e-01   1.0390600000000000e-02
   2.5000000000000001e-02   1.9633600000000001e-01   9.9994600000000000e-01   5.0016200000000000e-01   1.3007400000000001e-02
   3.0078100000000000e-02   1.9633700000000001e-01   9.9992400000000004e-01   5.0023499999999999e-01   1.5605700000000000e-02
   3.4960900000000003e-02   1.9633700000000001e-01   9.9990000000000001e-01   5.0031800000000004e-01   1.8087499999999999e-02
   4.0039100000000001e-02   1.9633800000000001e-01   9.9987300000000001e-01   5.0041800000000003e-01   2.0651800000000001e-02
   4.4921900000000001e-02   1.9633900000000001e-01   9.9984899999999999e-01   5.0052500000000000e-01   2.3101500000000001e-02
   5.0000000000000003e-02   1.9634099999999999e-01   9.9982199999999999e-01   5.0064900000000001e-01   2.5632499999999999e-02
   5.5078099999999998e-02   1.9634199999999999e-01   9.9979600000000002e-01   5.0078599999999995e-01   2.8147800000000001e-02
   5.9960899999999998e-02   1.9634399999999999e-01   9.9977499999999997e-01   5.0092899999999996e-01   3.0551100000000001e-02
   6.5039100000000002e-02   1.9634499999999999e-01   9.9975899999999995e-01   5.0109000000000004e-01   3.3035399999999999e-02
   6.9921899999999995e-02   1.9634599999999999e-01   9.9975199999999997e-01   5.0125500000000001e-01   3.5410200000000003e-02
   7.4999999999999997e-02   1.9634699999999999e-01   9.9974900000000000e-01   5.0143899999999997e-01   3.7863500000000001e-02
   8.0078099999999999e-02   1.9634699999999999e-01   9.9974900000000000e-01   5.0163500000000005e-01   4.0301799999999999e-02
   8.4960900000000006e-02   1.9634599999999999e-01   9.9975300000000000e-01   5.0183500000000003e-01   4.2633100000000000e-02
   9.0039099999999997e-02   1.9634499999999999e-01   9.9976500000000001e-01   5.0205500000000003e-01   4.5044700000000000e-02
   9.4921900000000003e-02   1.9634299999999999e-01   9.9977899999999997e-01   5.0227999999999995e-01   4.7350000000000003e-02
   1.0000000000000001e-01   1.9634099999999999e-01   9.9979899999999999e-01   5.0252699999999995e-01   4.9734000000000000e-02
   1.0507800000000000e-01   1.9633900000000001e-01   9.9982700000000002e-01   5.0278800000000001e-01   5.2104400000000002e-02
   1.0996100000000000e-01   1.9633900000000001e-01   9.9985500000000005e-01   5.0305100000000003e-01   5.4370599999999998e-02
   1.1503900000000000e-01   1.9633900000000001e-01   9.9988200000000005e-01   5.0333700000000003e-01   5.6713800000000002e-02
   1.1992200000000000e-01   1.9634099999999999e-01   9.9990500000000004e-01   5.0362200000000001e-01   5.8955300000000002e-02
   1.2500000000000000e-01   1.9634299999999999e-01   9.9992300000000001e-01   5.0392700000000001e-01   6.1274099999999998e-02
   1.3007800000000000e-01   1.9634499999999999e-01   9.9993799999999999e-01   5.0424199999999997e-01   6.3580499999999998e-02
   1.3496100000000000e-01   1.9634599999999999e-01   9.9994899999999998e-01   5.0455300000000003e-01   6.5785899999999994e-02
   1.4003900000000000e-01   1.9634499999999999e-01   9.9995900000000004e-01   5.0488800000000000e-01   6.8067100000000005e-02
   1.4492200000000000e-01   1.9634299999999999e-01   9.9996700000000005e-01   5.0522199999999995e-01   7.0250400000000005e-02
   1.4999999999999999e-01   1.9633999999999999e-01   9.9997300000000000e-01   5.0558400000000003e-01   7.2509000000000004e-02
   1.5507799999999999e-01   1.9633700000000001e-01   9.9997599999999998e-01   5.0596200000000002e-01   7.4755699999999994e-02
   1.5996099999999999e-01   1.9633800000000001e-01   9.9997400000000003e-01   5.0633700000000004e-01   7.6902899999999996e-02
   1.6503899999999999e-01   1.9634099999999999e-01   9.9997199999999997e-01   5.0673599999999996e-01   7.9125000000000001e-02
   1.6992199999999999e-01   1.9634399999999999e-01   9.9996900000000000e-01   5.0712699999999999e-01   8.1249799999999997e-02
   1.7499999999999999e-01   1.9634599999999999e-01   9.9996700000000005e-01   5.0754100000000002e-01   8.3447700000000000e-02
   1.8007799999999999e-01   1.9634499999999999e-01   9.9996600000000002e-01   5.0796399999999997e-01   8.5632899999999998e-02
   1.8496099999999999e-01   1.9634199999999999e-01   9.9996799999999997e-01   5.0838399999999995e-01   8.7723700000000002e-02
   1.9003900000000001e-01   1.9633800000000001e-01   9.9997199999999997e-01   5.0883699999999998e-01   8.9887200000000000e-02
   1.9492200000000001e-01   1.9633800000000001e-01   9.9997300000000000e-01   5.0928600000000002e-01   9.1955099999999998e-02
   2.0000000000000001e-01   1.9634099999999999e-01   9.9997199999999997e-01   5.0976200000000005e-01   9.4094499999999998e-02
   2.0507800000000001e-01   1.9634599999999999e-01   9.9997000000000003e-01   5.1024400000000003e-01   9.6221600000000004e-02
   2.0996100000000001e-01   1.9634799999999999e-01   9.9997100000000005e-01   5.1071400000000000e-01   9.8254700000000000e-02
   2.1503900000000001e-01   1.9634499999999999e-01   9.9997499999999995e-01   5.1121300000000003e-01   1.0035700000000000e-01
   2.1992200000000001e-01   1.9633999999999999e-01   9.9998100000000001e-01   5.1170700000000002e-01   1.0236800000000000e-01
   2.2500000000000001e-01   1.9633800000000001e-01   9.9998399999999998e-01   5.1223600000000002e-01   1.0444800000000000e-01
   2.3007800000000000e-01   1.9634199999999999e-01   9.9998200000000004e-01   5.1277499999999998e-01   1.0651500000000000e-01
   2.3496100000000000e-01   1.9634900000000000e-01   9.9997899999999995e-01   5.1329800000000003e-01   1.0849200000000001e-01
   2.4003900000000000e-01   1.9635000000000000e-01   9.9997499999999995e-01   5.1385000000000003e-01   1.1053499999999999e-01
   2.4492200000000000e-01   1.9634499999999999e-01   9.9997499999999995e-01   5.1439199999999996e-01   1.1248700000000000e-01
   2.5000000000000000e-01   1.9633999999999999e-01   9.9997899999999995e-01   5.1496900000000001e-01   1.1450700000000000e-01
   2.5507800000000003e-01   1.9634199999999999e-01   9.9998100000000001e-01   5.1555700000000004e-01   1.1651200000000000e-01
   2.5996100000000000e-01   1.9634900000000000e-01   9.9997899999999995e-01   5.1613100000000001e-01   1.1842999999999999e-01
   2.6503900000000002e-01   1.9635400000000000e-01   9.9997700000000000e-01   5.1673599999999997e-01   1.2041100000000000e-01
   2.6992200000000000e-01   1.9634900000000000e-01   9.9997400000000003e-01   5.1732699999999998e-01   1.2230500000000000e-01
   2.7500000000000002e-01   1.9634199999999999e-01   9.9997300000000000e-01   5.1795199999999997e-01   1.2426200000000000e-01
   2.8007799999999999e-01   1.9634399999999999e-01   9.9997199999999997e-01   5.1858599999999999e-01   1.2620500000000001e-01
   2.8496100000000002e-01   1.9635200000000000e-01   9.9996900000000000e-01   5.1920599999999995e-01   1.2806200000000001e-01
   2.9003899999999999e-01   1.9635600000000000e-01   9.9996700000000005e-01   5.1986399999999999e-01   1.2998000000000001e-01
   2.9492200000000002e-01   1.9635000000000000e-01   9.9996700000000005e-01   5.2050500000000000e-01   1.3181200000000001e-01
   2.9999999999999999e-01   1.9634499999999999e-01   9.9996600000000002e-01   5.2117500000000005e-01   1.3370399999999999e-01
   3.0507800000000002e-01   1.9635000000000000e-01   9.9996399999999996e-01   5.2185099999999995e-01   1.3558300000000001e-01
   3.0996099999999999e-01   1.9635600000000000e-01   9.9995900000000004e-01   5.2251999999999998e-01   1.3737700000000000e-01
   3.1503900000000001e-01   1.9635400000000000e-01   9.9995599999999996e-01   5.2323100000000000e-01   1.3922799999999999e-01
   3.1992199999999998e-01   1.9635000000000000e-01   9.9995400000000001e-01   5.2391299999999996e-01   1.4099700000000001e-01
   3.2500000000000001e-01   1.9635100000000000e-01   9.9995299999999998e-01   5.2462100000000000e-01   1.4282200000000000e-01
   3.3007799999999998e-01   1.9635300000000000e-01   9.9995000000000001e-01   5.2535100000000001e-01   1.4463500000000001e-01
   3.3496100000000001e-01   1.9635300000000000e-01   9.9994600000000000e-01   5.2607300000000001e-01   1.4636299999999999e-01
   3.4003899999999998e-01   1.9635300000000000e-01   9.9994000000000005e-01   5.2682099999999998e-01   1.4814800000000000e-01
   3.4492200000000001e-01   1.9635300000000000e-01   9.9993299999999996e-01   5.2753499999999998e-01   1.4985000000000001e-01
   3.4999999999999998e-01   1.9634900000000000e-01   9.9992700000000001e-01   5.2829899999999996e-01   1.5160699999999999e-01
   3.5507800000000000e-01   1.9634799999999999e-01   9.9992199999999998e-01   5.2908299999999997e-01   1.5334800000000001e-01
   3.5996099999999998e-01   1.9635300000000000e-01   9.9991699999999994e-01   5.2983599999999997e-01   1.5501000000000001e-01
   3.6503900000000000e-01   1.9635200000000000e-01   9.9991200000000002e-01   5.3061800000000003e-01   1.5672400000000000e-01
   3.6992199999999997e-01   1.9634199999999999e-01   9.9990599999999996e-01   5.3138799999999997e-01   1.5835700000000000e-01
   3.7500000000000000e-01   1.9634299999999999e-01   9.9989700000000004e-01   5.3219799999999995e-01   1.6004099999999999e-01
   3.8007800000000003e-01   1.9635200000000000e-01   9.9988800000000000e-01   5.3301399999999999e-01   1.6171099999999999e-01
   3.8496100000000000e-01   1.9634399999999999e-01   9.9987999999999999e-01   5.3380899999999998e-01   1.6330200000000000e-01
   3.9003900000000002e-01   1.9633600000000001e-01   9.9987000000000004e-01   5.3463799999999995e-01   1.6494000000000000e-01
   3.9492200000000000e-01   1.9634199999999999e-01   9.9986100000000000e-01   5.3544099999999994e-01   1.6650100000000001e-01
   4.0000000000000002e-01   1.9634399999999999e-01   9.9985000000000002e-01   5.3629899999999997e-01   1.6810800000000001e-01
   4.0507799999999999e-01   1.9633800000000001e-01   9.9983800000000000e-01   5.3715999999999997e-01   1.6969999999999999e-01
   4.0996100000000002e-01   1.9633900000000001e-01   9.9982400000000005e-01   5.3797700000000004e-01   1.7121400000000001e-01
   4.1503899999999999e-01   1.9633800000000001e-01   9.9980800000000003e-01   5.3885300000000003e-01   1.7277100000000001e-01
   4.1992200000000002e-01   1.9633900000000001e-01   9.9979300000000004e-01   5.3971100000000005e-01   1.7425399999999999e-01
   4.2499999999999999e-01   1.9634499999999999e-01   9.9977700000000003e-01   5.4059000000000001e-01   1.7577899999999999e-01
   4.3007800000000002e-01   1.9633900000000001e-01   9.9975899999999995e-01   5.4148300000000005e-01   1.7728500000000000e-01
   4.3496099999999999e-01   1.9633900000000001e-01   9.9974300000000005e-01   5.4235400000000000e-01   1.7871699999999999e-01
   4.4003900000000001e-01   1.9635200000000000e-01   9.9972200000000000e-01   5.4326399999999997e-01   1.8019199999999999e-01
   4.4492199999999998e-01   1.9634599999999999e-01   9.9970099999999995e-01   5.4415199999999997e-01   1.8159100000000000e-01
   4.5000000000000001e-01   1.9634499999999999e-01   9.9967899999999998e-01   5.4506900000000003e-01   1.8302900000000000e-01
   4.5507799999999998e-01   1.9635300000000000e-01   9.9965300000000001e-01   5.4599799999999998e-01   1.8445000000000000e-01
   4.5996100000000001e-01   1.9635100000000000e-01   9.9962799999999996e-01   5.4691500000000004e-01   1.8580199999999999e-01
   4.6503899999999998e-01   1.9635400000000000e-01   9.9960099999999996e-01   5.4785200000000001e-01   1.8719200000000000e-01
   4.6992200000000001e-01   1.9635000000000000e-01   9.9957200000000002e-01   5.4876300000000000e-01   1.8851100000000001e-01
   4.7499999999999998e-01   1.9634799999999999e-01   9.9954200000000004e-01   5.4973200000000000e-01   1.8986700000000001e-01
   4.8007800000000000e-01   1.9635700000000000e-01   9.9950899999999998e-01   5.5069500000000005e-01   1.9120899999999999e-01
   4.8496099999999998e-01   1.9634499999999999e-01   9.9947500000000000e-01   5.5163399999999996e-01   1.9247900000000001e-01
   4.9003900000000000e-01   1.9634399999999999e-01   9.9943599999999999e-01   5.5260600000000004e-01   1.9378500000000001e-01
   4.9492199999999997e-01   1.9634699999999999e-01   9.9939800000000001e-01   5.5355900000000002e-01   1.9502500000000000e-01
   5.0000000000000000e-01   1.9634099999999999e-01   9.9935499999999999e-01   5.5455900000000002e-01   1.9629500000000000e-01
   5.0507800000000003e-01   1.9634199999999999e-01   9.9930900000000000e-01   5.5554400000000004e-01   1.9754600000000000e-01
   5.0996100000000000e-01   1.9633400000000001e-01   9.9926400000000004e-01   5.5651799999999996e-01   1.9872799999999999e-01
   5.1503900000000002e-01   1.9634399999999999e-01   9.9921499999999996e-01   5.5752900000000005e-01   1.9994300000000001e-01
   5.1992200000000000e-01   1.9634099999999999e-01   9.9916499999999997e-01   5.5850900000000003e-01   2.0108699999999999e-01
   5.2500000000000002e-01   1.9633900000000001e-01   9.9911200000000000e-01   5.5952700000000000e-01   2.0225899999999999e-01
   5.3007800000000005e-01   1.9634699999999999e-01   9.9905500000000003e-01   5.6055500000000003e-01   2.0341300000000001e-01
   5.3496100000000002e-01   1.9634699999999999e-01   9.9899800000000005e-01   5.6156099999999998e-01   2.0449999999999999e-01
   5.4003900000000005e-01   1.9635200000000000e-01   9.9893299999999996e-01   5.6258699999999995e-01   2.0561699999999999e-01
   5.4492200000000002e-01   1.9634499999999999e-01   9.9886799999999998e-01   5.6359800000000004e-01   2.0666999999999999e-01
   5.5000000000000004e-01   1.9635800000000000e-01   9.9879600000000002e-01   5.6464800000000004e-01   2.0775399999999999e-01
   5.5507799999999996e-01   1.9635100000000000e-01   9.9872000000000005e-01   5.6571199999999999e-01   2.0881600000000000e-01
   5.5996100000000004e-01   1.9634799999999999e-01   9.9864399999999998e-01   5.6672199999999995e-01   2.0982700000000001e-01
   5.6503899999999996e-01   1.9634599999999999e-01   9.9856199999999995e-01   5.6779400000000002e-01   2.1085799999999999e-01
   5.6992200000000004e-01   1.9634699999999999e-01   9.9847900000000001e-01   5.6882999999999995e-01   2.1183299999999999e-01
   5.7499999999999996e-01   1.9634099999999999e-01   9.9839000000000000e-01   5.6990099999999999e-01   2.1282899999999999e-01
   5.8007799999999998e-01   1.9633500000000001e-01   9.9829800000000002e-01   5.7098300000000002e-01   2.1380199999999999e-01
   5.8496099999999995e-01   1.9634499999999999e-01   9.9820500000000001e-01   5.7203000000000004e-01   2.1471899999999999e-01
   5.9003899999999998e-01   1.9633900000000001e-01   9.9810500000000002e-01   5.7312700000000005e-01   2.1565000000000001e-01
   5.9492199999999995e-01   1.9634099999999999e-01   9.9800500000000003e-01   5.7416699999999998e-01   2.1653000000000000e-01
   5.9999999999999998e-01   1.9634299999999999e-01   9.9789600000000001e-01   5.7528000000000001e-01   2.1741700000000000e-01
   6.0507800000000000e-01   1.9635600000000000e-01   9.9778199999999995e-01   5.7638100000000003e-01   2.1829000000000001e-01
   6.0996099999999998e-01   1.9634399999999999e-01   9.9766800000000000e-01   5.7744899999999999e-01   2.1911100000000000e-01
   6.1503900000000000e-01   1.9635300000000000e-01   9.9754500000000002e-01   5.7855400000000001e-01   2.1995100000000001e-01
   6.1992199999999997e-01   1.9635200000000000e-01   9.9742100000000000e-01   5.7964400000000005e-01   2.2073999999999999e-01
   6.2500000000000000e-01   1.9635300000000000e-01   9.9728700000000003e-01   5.8075299999999996e-01   2.2155400000000000e-01
   6.3007800000000003e-01   1.9633900000000001e-01   9.9714700000000001e-01   5.8188399999999996e-01   2.2234400000000001e-01
   6.3496100000000000e-01   1.9634799999999999e-01   9.9700800000000001e-01   5.8296899999999996e-01   2.2309200000000001e-01
   6.4003900000000002e-01   1.9633900000000001e-01   9.9685800000000002e-01   5.8411000000000002e-01   2.2384599999999999e-01
   6.4492200000000000e-01   1.9633900000000001e-01   9.9670899999999996e-01   5.8518999999999999e-01   2.2455500000000000e-01
   6.5000000000000002e-01   1.9633800000000001e-01   9.9654699999999996e-01   5.8634299999999995e-01   2.2526700000000000e-01
   6.5507800000000005e-01   1.9634699999999999e-01   9.9638000000000004e-01   5.8748500000000003e-01   2.2596100000000000e-01
   6.5996100000000002e-01   1.9634299999999999e-01   9.9621300000000002e-01   5.8858600000000005e-01   2.2660300000000000e-01
   6.6503900000000005e-01   1.9635000000000000e-01   9.9603399999999997e-01   5.8973399999999998e-01   2.2726099999999999e-01
   6.6992200000000002e-01   1.9635400000000000e-01   9.9585599999999996e-01   5.9085200000000004e-01   2.2787700000000000e-01
   6.7500000000000004e-01   1.9635000000000000e-01   9.9566500000000002e-01   5.9200500000000000e-01   2.2850400000000001e-01
   6.8007799999999996e-01   1.9634900000000000e-01   9.9546800000000002e-01   5.9316100000000005e-01   2.2911999999999999e-01
   6.8496100000000004e-01   1.9634599999999999e-01   9.9527399999999999e-01   5.9429100000000001e-01   2.2969600000000001e-01
   6.9003899999999996e-01   1.9634699999999999e-01   9.9506499999999998e-01   5.9545000000000003e-01   2.3028499999999999e-01
   6.9492200000000004e-01   1.9633200000000001e-01   9.9485800000000002e-01   5.9657899999999997e-01   2.3082500000000000e-01
   6.9999999999999996e-01   1.9634499999999999e-01   9.9463599999999996e-01   5.9774499999999997e-01   2.3137500000000000e-01
   7.0507799999999998e-01   1.9633900000000001e-01   9.9440799999999996e-01   5.9893300000000005e-01   2.3189299999999999e-01
   7.0996099999999995e-01   1.9634599999999999e-01   9.9418200000000001e-01   6.0004800000000003e-01   2.3238400000000001e-01
   7.1503899999999998e-01   1.9634299999999999e-01   9.9394000000000005e-01   6.0124100000000003e-01   2.3286599999999999e-01
   7.1992199999999995e-01   1.9635900000000001e-01   9.9370099999999995e-01   6.0237300000000005e-01   2.3332300000000000e-01
   7.2499999999999998e-01   1.9634799999999999e-01   9.9344699999999997e-01   6.0355700000000001e-01   2.3378499999999999e-01
   7.3007800000000000e-01   1.9634799999999999e-01   9.9318600000000001e-01   6.0474399999999995e-01   2.3423900000000000e-01
   7.3496099999999998e-01   1.9635200000000000e-01   9.9292899999999995e-01   6.0589199999999999e-01   2.3466400000000001e-01
   7.4003900000000000e-01   1.9633700000000001e-01   9.9265400000000004e-01   6.0708399999999996e-01   2.3508899999999999e-01
   7.4492199999999997e-01   1.9634199999999999e-01   9.9238300000000002e-01   6.0821999999999998e-01   2.3548700000000000e-01
   7.5000000000000000e-01   1.9633700000000001e-01   9.9209499999999995e-01   6.0943599999999998e-01   2.3587100000000000e-01
   7.5507800000000003e-01   1.9634699999999999e-01   9.9179899999999999e-01   6.1061600000000005e-01   2.3624800000000001e-01
   7.5996100000000000e-01   1.9633700000000001e-01   9.9150799999999994e-01   6.1177599999999999e-01   2.3657700000000001e-01
   7.6503900000000002e-01   1.9635600000000000e-01   9.9119800000000002e-01   6.1297500000000005e-01   2.3691799999999999e-01
   7.6992200000000000e-01   1.9635200000000000e-01   9.9089300000000002e-01   6.1413399999999996e-01   2.3723100000000000e-01
   7.7500000000000002e-01   1.9634599999999999e-01   9.9056900000000003e-01   6.1533400000000005e-01   2.3754900000000001e-01
   7.8007800000000005e-01   1.9635500000000000e-01   9.9023799999999995e-01   6.1653999999999998e-01   2.3786499999999999e-01
   7.8496100000000002e-01   1.9633999999999999e-01   9.8991300000000004e-01   6.1771299999999996e-01   2.3814900000000000e-01
   7.9003900000000005e-01   1.9634499999999999e-01   9.8956800000000000e-01   6.1890199999999995e-01   2.3844299999999999e-01
   7.9492200000000002e-01   1.9633300000000001e-01   9.8923000000000005e-01   6.2008500000000000e-01   2.3869299999999999e-01
   8.0000000000000004e-01   1.9634799999999999e-01   9.8887199999999997e-01   6.2128799999999995e-01   2.3894799999999999e-01
   8.0507799999999996e-01   1.9634199999999999e-01   9.8850600000000000e-01   6.2249900000000002e-01   2.3917500000000000e-01
   8.0996100000000004e-01   1.9634699999999999e-01   9.8814900000000006e-01   6.2366800000000000e-01   2.3938499999999999e-01
   8.1503899999999996e-01   1.9636000000000001e-01   9.8777099999999995e-01   6.2488100000000002e-01   2.3959900000000001e-01
   8.1992200000000004e-01   1.9634199999999999e-01   9.8740200000000000e-01   6.2605800000000000e-01   2.3978900000000000e-01
   8.2499999999999996e-01   1.9635400000000000e-01   9.8701099999999997e-01   6.2725799999999998e-01   2.3999899999999999e-01
   8.3007799999999998e-01   1.9633900000000001e-01   9.8661200000000004e-01   6.2849999999999995e-01   2.4017800000000000e-01
   8.3496099999999995e-01   1.9634499999999999e-01   9.8622299999999996e-01   6.2965300000000002e-01   2.4035899999999999e-01
   8.4003899999999998e-01   1.9633600000000001e-01   9.8581200000000002e-01   6.3088000000000000e-01   2.4051400000000001e-01
   8.4492199999999995e-01   1.9634299999999999e-01   9.8541000000000001e-01   6.3206099999999998e-01   2.4064800000000000e-01
   8.4999999999999998e-01   1.9635300000000000e-01   9.8498500000000000e-01   6.3326600000000000e-01   2.4078100000000000e-01
   8.5507800000000000e-01   1.9633800000000001e-01   9.8455300000000001e-01   6.3450300000000004e-01   2.4088699999999999e-01
   8.5996099999999998e-01   1.9636700000000001e-01   9.8413200000000001e-01   6.3566299999999998e-01   2.4100800000000000e-01
   8.6503900000000000e-01   1.9633900000000001e-01   9.8368900000000004e-01   6.3690500000000005e-01   2.4110799999999999e-01
   8.6992199999999997e-01   1.9635000000000000e-01   9.8325600000000002e-01   6.3805999999999996e-01   2.4121999999999999e-01
   8.7500000000000000e-01   1.9634299999999999e-01   9.8280100000000004e-01   6.3930200000000004e-01   2.4130900000000000e-01
   8.8007800000000003e-01   1.9633500000000001e-01   9.8233999999999999e-01   6.4052600000000004e-01   2.4139300000000000e-01
   8.8496100000000000e-01   1.9634699999999999e-01   9.8189199999999999e-01   6.4168599999999998e-01   2.4146100000000001e-01
   8.9003900000000002e-01   1.9633300000000001e-01   9.8141999999999996e-01   6.4294099999999998e-01   2.4149599999999999e-01
   8.9492200000000000e-01   1.9636600000000001e-01   9.8095900000000003e-01   6.4408600000000005e-01   2.4155099999999999e-01
   9.0000000000000002e-01   1.9633400000000001e-01   9.8047499999999999e-01   6.4533700000000005e-01   2.4156600000000000e-01
   9.0507800000000005e-01   1.9636400000000001e-01   9.7998499999999999e-01   6.4654199999999995e-01   2.4161700000000000e-01
   9.0996100000000002e-01   1.9634199999999999e-01   9.7950899999999996e-01   6.4774100000000001e-01   2.4163899999999999e-01
   9.1503900000000005e-01   1.9633800000000001e-01   9.7900799999999999e-01   6.4895599999999998e-01   2.4166899999999999e-01
   9.1992200000000002e-01   1.9634799999999999e-01   9.7852300000000003e-01   6.5013200000000004e-01   2.4168700000000001e-01
   9.2500000000000004e-01   1.9632800000000000e-01   9.7801199999999999e-01   6.5138099999999999e-01   2.4167400000000000e-01
   9.3007799999999996e-01   1.9636100000000001e-01   9.7749799999999998e-01   6.5256599999999998e-01   2.4167600000000000e-01
   9.3496100000000004e-01   1.9632600000000000e-01   9.7699800000000003e-01   6.5378999999999998e-01   2.4162700000000001e-01
   9.4003899999999996e-01   1.9637600000000000e-01   9.7647399999999995e-01   6.5497399999999995e-01   2.4161900000000000e-01
   9.4492200000000004e-01   1.9632700000000000e-01   9.7596400000000005e-01   6.5618799999999999e-01   2.4156900000000001e-01
   9.4999999999999996e-01   1.9636300000000001e-01   9.7543100000000005e-01   6.5738300000000005e-01   2.4156000000000000e-01
   9.5507799999999998e-01   1.9633800000000001e-01   9.7489300000000001e-01   6.5863600000000000e-01   2.4151700000000001e-01
   9.5996099999999995e-01   1.9633900000000001e-01   9.7437099999999999e-01   6.5979699999999997e-01   2.4148200000000000e-01
   9.6503899999999998e-01   1.9634499999999999e-01   9.7382400000000002e-01   6.6102300000000003e-01   2.4142300000000000e-01
   9.6992199999999995e-01   1.9633800000000001e-01   9.7329399999999999e-01   6.6221900000000000e-01   2.4134400000000000e-01
   9.7499999999999998e-01   1.9636100000000001e-01   9.7274099999999997e-01   6.6340900000000003e-01   2.4127799999999999e-01
   9.8007800000000000e-01   1.9633200000000001e-01   9.7218300000000002e-01   6.6466999999999998e-01   2.4117400000000000e-01
   9.8496099999999998e-01   1.9637399999999999e-01   9.7164399999999995e-01   6.6581400000000002e-01   2.4111900000000000e-01
   9.9003900000000000e-01   1.9632400000000000e-01   9.7107800000000000e-01   6.6706900000000002e-01   2.4102100000000001e-01
   9.9492199999999997e-01   1.9636000000000001e-01   9.7053100000000003e-01   6.6820999999999997e-01   2.4095900000000001e-01
   1.0000000000000000e+00   1.9632800000000000e-01   9.6995900000000002e-01   6.6947100000000004e-01   2.4085300000000001e-01
   1.0050800000000000e+00   1.9635100000000000e-01   9.6938400000000002e-01   6.7065900000000001e-01   2.4075800000000000e-01
   1.0099600000000000e+00   1.9633400000000001e-01   9.6882900000000005e-01   6.7185600000000001e-01   2.4063300000000001e-01
   1.0150399999999999e+00   1.9635900000000001e-01   9.6824800000000000e-01   6.7306400000000000e-01   2.4051300000000000e-01
   1.0199199999999999e+00   1.9634499999999999e-01   9.6768699999999996e-01   6.7424200000000001e-01   2.4038799999999999e-01
   1.0249999999999999e+00   1.9635200000000000e-01   9.6710099999999999e-01   6.7545400000000000e-01   2.4026700000000001e-01
   1.0300800000000001e+00   1.9634599999999999e-01   9.6651399999999998e-01   6.7668600000000001e-01   2.4015200000000000e-01
   1.0349600000000001e+00   1.9634299999999999e-01   9.6594599999999997e-01   6.7784699999999998e-01   2.4003099999999999e-01
   1.0400400000000001e+00   1.9633400000000001e-01   9.6535199999999999e-01   6.7907099999999998e-01   2.3989800000000000e-01
   1.0449200000000001e+00   1.9635000000000000e-01   9.6477900000000005e-01   6.8023900000000004e-01   2.3975500000000000e-01
   1.0500000000000000e+00   1.9633900000000001e-01   9.6418300000000001e-01   6.8145900000000004e-01   2.3959400000000000e-01
   1.0550800000000000e+00   1.9635600000000000e-01   9.6358400000000000e-01   6.8265699999999996e-01   2.3943700000000001e-01
   1.0599600000000000e+00   1.9634499999999999e-01   9.6300699999999995e-01   6.8384800000000001e-01   2.3927799999999999e-01
   1.0650400000000000e+00   1.9635900000000001e-01   9.6240499999999995e-01   6.8503999999999998e-01   2.3913100000000001e-01
   1.0699200000000000e+00   1.9633000000000000e-01   9.6182500000000004e-01   6.8622499999999997e-01   2.3897800000000000e-01
   1.0750000000000000e+00   1.9635600000000000e-01   9.6121999999999996e-01   6.8742400000000004e-01   2.3882800000000001e-01
   1.0800799999999999e+00   1.9632700000000000e-01   9.6061399999999997e-01   6.8865399999999999e-01   2.3865100000000000e-01
   1.0849599999999999e+00   1.9635100000000000e-01   9.6003000000000005e-01   6.8979199999999996e-01   2.3848400000000000e-01
   1.0900399999999999e+00   1.9633999999999999e-01   9.5942099999999997e-01   6.9102900000000000e-01   2.3828199999999999e-01
   1.0949199999999999e+00   1.9636000000000001e-01   9.5883600000000002e-01   6.9216699999999998e-01   2.3810999999999999e-01
   1.1000000000000001e+00   1.9633999999999999e-01   9.5822600000000002e-01   6.9338699999999998e-01   2.3791599999999999e-01
   1.1050800000000001e+00   1.9635600000000000e-01   9.5761600000000002e-01   6.9459000000000004e-01   2.3774600000000001e-01
   1.1099600000000001e+00   1.9633900000000001e-01   9.5702900000000002e-01   6.9575600000000004e-01   2.3757000000000000e-01
   1.1150400000000000e+00   1.9633800000000001e-01   9.5641699999999996e-01   6.9695399999999996e-01   2.3738500000000001e-01
   1.1199200000000000e+00   1.9634499999999999e-01   9.5582800000000001e-01   6.9811800000000002e-01   2.3719000000000001e-01
   1.1250000000000000e+00   1.9634199999999999e-01   9.5521599999999995e-01   6.9932099999999997e-01   2.3698300000000000e-01
   1.1300800000000000e+00   1.9635100000000000e-01   9.5460400000000001e-01   7.0050999999999997e-01   2.3676700000000001e-01
   1.1349600000000000e+00   1.9634799999999999e-01   9.5401599999999998e-01   7.0168100000000000e-01   2.3656500000000000e-01
   1.1400399999999999e+00   1.9635700000000000e-01   9.5340400000000003e-01   7.0286800000000005e-01   2.3636299999999999e-01
   1.1449199999999999e+00   1.9633600000000001e-01   9.5281700000000003e-01   7.0403000000000004e-01   2.3616999999999999e-01
   1.1499999999999999e+00   1.9635000000000000e-01   9.5220600000000000e-01   7.0522300000000004e-01   2.3597000000000001e-01
   1.1550800000000001e+00   1.9633600000000001e-01   9.5159499999999997e-01   7.0643000000000000e-01   2.3575599999999999e-01
   1.1599600000000001e+00   1.9634199999999999e-01   9.5100799999999996e-01   7.0756699999999995e-01   2.3554300000000000e-01
   1.1650400000000001e+00   1.9634699999999999e-01   9.5039799999999997e-01   7.0876899999999998e-01   2.3530999999999999e-01
   1.1699200000000001e+00   1.9635000000000000e-01   9.4981199999999999e-01   7.0991599999999999e-01   2.3508599999999999e-01
   1.1750000000000000e+00   1.9635200000000000e-01   9.4920400000000005e-01   7.1109699999999998e-01   2.3486299999999999e-01
   1.1800800000000000e+00   1.9634399999999999e-01   9.4859700000000002e-01   7.1230400000000005e-01   2.3464399999999999e-01
   1.1849600000000000e+00   1.9635300000000000e-01   9.4801599999999997e-01   7.1343900000000005e-01   2.3443900000000001e-01
   1.1900400000000000e+00   1.9632900000000000e-01   9.4741200000000003e-01   7.1463600000000005e-01   2.3421600000000001e-01
   1.1949200000000000e+00   1.9635000000000000e-01   9.4683200000000001e-01   7.1576899999999999e-01   2.3399400000000001e-01
   1.2000000000000000e+00   1.9633999999999999e-01   9.4623000000000002e-01   7.1697000000000000e-01   2.3375000000000001e-01
   1.2050799999999999e+00   1.9635000000000000e-01   9.4562900000000005e-01   7.1813600000000000e-01   2.3350699999999999e-01
   1.2099599999999999e+00   1.9634900000000000e-01   9.4505300000000003e-01   7.1928599999999998e-01   2.3327000000000001e-01
   1.2150399999999999e+00   1.9635300000000000e-01   9.4445500000000004e-01   7.2047000000000005e-01   2.3303499999999999e-01
   1.2199199999999999e+00   1.9634499999999999e-01   9.4388300000000003e-01   7.2159799999999996e-01   2.3281499999999999e-01
   1.2250000000000001e+00   1.9633900000000001e-01   9.4329099999999999e-01   7.2279099999999996e-01   2.3258499999999999e-01
   1.2300800000000001e+00   1.9634900000000000e-01   9.4270100000000001e-01   7.2396499999999997e-01   2.3234900000000000e-01
   1.2349600000000001e+00   1.9633300000000001e-01   9.4213400000000003e-01   7.2510100000000000e-01   2.3211100000000001e-01
   1.2400400000000000e+00   1.9635000000000000e-01   9.4154700000000002e-01   7.2627200000000003e-01   2.3185300000000000e-01
   1.2449200000000000e+00   1.9635200000000000e-01   9.4098300000000001e-01   7.2740899999999997e-01   2.3160700000000001e-01
   1.2500000000000000e+00   1.9634499999999999e-01   9.4039899999999998e-01   7.2857700000000003e-01   2.3135400000000000e-01
   1.2550800000000000e+00   1.9635500000000000e-01   9.3981800000000004e-01   7.2974799999999995e-01   2.3111300000000001e-01
   1.2599600000000000e+00   1.9633700000000001e-01   9.3926200000000004e-01   7.3089499999999996e-01   2.3088000000000000e-01
   1.2650399999999999e+00   1.9635100000000000e-01   9.3868799999999997e-01   7.3204000000000002e-01   2.3064499999999999e-01
   1.2699199999999999e+00   1.9632600000000000e-01   9.3813700000000000e-01   7.3319100000000004e-01   2.3039799999999999e-01
   1.2749999999999999e+00   1.9635900000000001e-01   9.3756700000000004e-01   7.3433899999999996e-01   2.3014799999999999e-01
   1.2800800000000001e+00   1.9633200000000001e-01   9.3699900000000003e-01   7.3552099999999998e-01   2.2987600000000000e-01
   1.2849600000000001e+00   1.9635700000000000e-01   9.3645699999999998e-01   7.3662499999999997e-01   2.2962700000000000e-01
   1.2900400000000001e+00   1.9635000000000000e-01   9.3589500000000003e-01   7.3780500000000004e-01   2.2936500000000001e-01
   1.2949200000000001e+00   1.9634599999999999e-01   9.3535699999999999e-01   7.3891600000000002e-01   2.2912800000000000e-01
   1.3000000000000000e+00   1.9634699999999999e-01   9.3480099999999999e-01   7.4007500000000004e-01   2.2888400000000000e-01
   1.3050800000000000e+00   1.9633800000000001e-01   9.3424700000000005e-01   7.4125300000000005e-01   2.2863300000000000e-01
   1.3099600000000000e+00   1.9634699999999999e-01   9.3371800000000005e-01   7.4234999999999995e-01   2.2838800000000001e-01
   1.3150400000000000e+00   1.9633400000000001e-01   9.3317099999999997e-01   7.4351800000000001e-01   2.2812199999999999e-01
   1.3199200000000000e+00   1.9635500000000000e-01   9.3264899999999995e-01   7.4462700000000004e-01   2.2786300000000001e-01
   1.3250000000000000e+00   1.9634799999999999e-01   9.3210999999999999e-01   7.4578199999999994e-01   2.2759299999999999e-01
   1.3300799999999999e+00   1.9634699999999999e-01   9.3157400000000001e-01   7.4693299999999996e-01   2.2733300000000001e-01
   1.3349599999999999e+00   1.9635300000000000e-01   9.3106299999999997e-01   7.4804700000000002e-01   2.2708500000000001e-01
   1.3400399999999999e+00   1.9634299999999999e-01   9.3053399999999997e-01   7.4919899999999995e-01   2.2683800000000001e-01
   1.3449199999999999e+00   1.9633800000000001e-01   9.3002899999999999e-01   7.5030200000000002e-01   2.2659299999999999e-01
   1.3500000000000001e+00   1.9634599999999999e-01   9.2950800000000000e-01   7.5145700000000004e-01   2.2633300000000001e-01
   1.3550800000000001e+00   1.9633800000000001e-01   9.2898999999999998e-01   7.5260700000000003e-01   2.2606399999999999e-01
   1.3599600000000001e+00   1.9634900000000000e-01   9.2849400000000004e-01   7.5369500000000000e-01   2.2580100000000000e-01
   1.3650400000000000e+00   1.9634799999999999e-01   9.2798300000000000e-01   7.5485500000000005e-01   2.2552900000000001e-01
   1.3699200000000000e+00   1.9635300000000000e-01   9.2749400000000004e-01   7.5594600000000001e-01   2.2527600000000000e-01
   1.3750000000000000e+00   1.9634599999999999e-01   9.2698899999999995e-01   7.5708600000000004e-01   2.2501699999999999e-01
   1.3800800000000000e+00   1.9634199999999999e-01   9.2649000000000004e-01   7.5824100000000005e-01   2.2476299999999999e-01
   1.3849600000000000e+00   1.9635300000000000e-01   9.2601500000000003e-01   7.5932400000000000e-01   2.2452200000000000e-01
   1.3900399999999999e+00   1.9632600000000000e-01   9.2552500000000004e-01   7.6047600000000004e-01   2.2425800000000001e-01
   1.3949199999999999e+00   1.9635300000000000e-01   9.2505700000000002e-01   7.6155799999999996e-01   2.2400400000000001e-01
   1.3999999999999999e+00   1.9634199999999999e-01   9.2457400000000001e-01   7.6270499999999997e-01   2.2373100000000001e-01
   1.4050800000000001e+00   1.9634399999999999e-01   9.2409500000000000e-01   7.6382799999999995e-01   2.2345499999999999e-01
   1.4099600000000001e+00   1.9636000000000001e-01   9.2364100000000005e-01   7.6491500000000001e-01   2.2320000000000001e-01
   1.4150400000000001e+00   1.9633900000000001e-01   9.2317199999999999e-01   7.6606600000000002e-01   2.2293600000000000e-01
   1.4199200000000001e+00   1.9635700000000000e-01   9.2272600000000005e-01   7.6712700000000000e-01   2.2269300000000000e-01
   1.4250000000000000e+00   1.9633300000000001e-01   9.2226699999999995e-01   7.6828200000000002e-01   2.2243599999999999e-01
   1.4300800000000000e+00   1.9634900000000000e-01   9.2181100000000005e-01   7.6940100000000000e-01   2.2218099999999999e-01
   1.4349600000000000e+00   1.9634199999999999e-01   9.2137899999999995e-01   7.7048000000000005e-01   2.2192899999999999e-01
   1.4400400000000000e+00   1.9633200000000001e-01   9.2093100000000006e-01   7.7161900000000005e-01   2.2165699999999999e-01
   1.4449200000000000e+00   1.9636400000000001e-01   9.2050500000000002e-01   7.7268199999999998e-01   2.2139900000000001e-01
   1.4500000000000000e+00   1.9633500000000001e-01   9.2006500000000002e-01   7.7381999999999995e-01   2.2112399999999999e-01
   1.4550799999999999e+00   1.9635700000000000e-01   9.1963200000000001e-01   7.7492399999999995e-01   2.2086300000000000e-01
   1.4599599999999999e+00   1.9635300000000000e-01   9.1921900000000001e-01   7.7601500000000001e-01   2.2061300000000000e-01
   1.4650399999999999e+00   1.9633700000000001e-01   9.1879500000000003e-01   7.7713600000000005e-01   2.2035500000000000e-01
   1.4699199999999999e+00   1.9635400000000000e-01   9.1839199999999999e-01   7.7819300000000002e-01   2.2011700000000001e-01
   1.4750000000000001e+00   1.9633100000000001e-01   9.1797799999999996e-01   7.7934000000000003e-01   2.1985800000000000e-01
   1.4800800000000001e+00   1.9635000000000000e-01   9.1756800000000005e-01   7.8043099999999999e-01   2.1959899999999999e-01
   1.4849600000000001e+00   1.9633900000000001e-01   9.1717800000000005e-01   7.8150699999999995e-01   2.1934300000000001e-01
   1.4900400000000000e+00   1.9634299999999999e-01   9.1677699999999995e-01   7.8263099999999997e-01   2.1907299999999999e-01
   1.4949200000000000e+00   1.9636300000000001e-01   9.1639599999999999e-01   7.8367699999999996e-01   2.1881900000000001e-01
   1.5000000000000000e+00   1.9633200000000001e-01   9.1600400000000004e-01   7.8480499999999997e-01   2.1855300000000000e-01
   1.5050800000000000e+00   1.9636200000000001e-01   9.1561800000000004e-01   7.8590300000000002e-01   2.1829799999999999e-01
   1.5099600000000000e+00   1.9634900000000000e-01   9.1525199999999995e-01   7.8697200000000000e-01   2.1805400000000000e-01
   1.5150399999999999e+00   1.9633100000000001e-01   9.1487600000000002e-01   7.8808299999999998e-01   2.1780600000000000e-01
   1.5199199999999999e+00   1.9635800000000000e-01   9.1452000000000000e-01   7.8913400000000000e-01   2.1756600000000001e-01
   1.5249999999999999e+00   1.9632900000000000e-01   9.1415599999999997e-01   7.9025999999999996e-01   2.1731000000000000e-01
   1.5300800000000001e+00   1.9634499999999999e-01   9.1379699999999997e-01   7.9133900000000001e-01   2.1705400000000000e-01
   1.5349600000000001e+00   1.9635000000000000e-01   9.1345500000000002e-01   7.9240500000000003e-01   2.1680099999999999e-01
   1.5400400000000001e+00   1.9633700000000001e-01   9.1310400000000003e-01   7.9351700000000003e-01   2.1653600000000001e-01
   1.5449200000000001e+00   1.9636000000000001e-01   9.1276999999999997e-01   7.9454400000000003e-01   2.1628900000000001e-01
   1.5500000000000000e+00   1.9634099999999999e-01   9.1242699999999999e-01   7.9566599999999998e-01   2.1602900000000000e-01
   1.5550800000000000e+00   1.9635300000000000e-01   9.1209300000000004e-01   7.9675499999999999e-01   2.1578200000000000e-01
   1.5599600000000000e+00   1.9635200000000000e-01   9.1177500000000000e-01   7.9779599999999995e-01   2.1554599999999999e-01
   1.5650400000000000e+00   1.9633000000000000e-01   9.1144999999999998e-01   7.9891299999999998e-01   2.1529799999999999e-01
   1.5699200000000000e+00   1.9635800000000000e-01   9.1114200000000001e-01   7.9994600000000005e-01   2.1506900000000001e-01
   1.5750000000000000e+00   1.9633400000000001e-01   9.1082600000000002e-01   8.0104500000000001e-01   2.1481900000000001e-01
   1.5800799999999999e+00   1.9633500000000001e-01   9.1051400000000005e-01   8.0213699999999999e-01   2.1456600000000001e-01
   1.5849599999999999e+00   1.9636100000000001e-01   9.1022000000000003e-01   8.0317200000000000e-01   2.1432799999999999e-01
   1.5900399999999999e+00   1.9633100000000001e-01   9.0991800000000000e-01   8.0427499999999996e-01   2.1407100000000001e-01
   1.5949199999999999e+00   1.9635200000000000e-01   9.0963099999999997e-01   8.0530100000000004e-01   2.1382699999999999e-01
   1.6000000000000001e+00   1.9635700000000000e-01   9.0934099999999995e-01   8.0639200000000000e-01   2.1357899999999999e-01
   1.6050800000000001e+00   1.9633700000000001e-01   9.0905800000000003e-01   8.0748500000000001e-01   2.1333199999999999e-01
   1.6099600000000001e+00   1.9636000000000001e-01   9.0879100000000002e-01   8.0850200000000005e-01   2.1310200000000001e-01
   1.6150400000000000e+00   1.9634199999999999e-01   9.0851999999999999e-01   8.0960799999999999e-01   2.1286400000000000e-01
   1.6199200000000000e+00   1.9634099999999999e-01   9.0826399999999996e-01   8.1064300000000000e-01   2.1263699999999999e-01
   1.6250000000000000e+00   1.9635100000000000e-01   9.0800599999999998e-01   8.1170399999999998e-01   2.1240200000000001e-01
   1.6300800000000000e+00   1.9633000000000000e-01   9.0774999999999995e-01   8.1280799999999997e-01   2.1216399999999999e-01
   1.6349600000000000e+00   1.9634900000000000e-01   9.0750699999999995e-01   8.1382800000000000e-01   2.1193200000000001e-01
   1.6400399999999999e+00   1.9634399999999999e-01   9.0725900000000004e-01   8.1489800000000001e-01   2.1168999999999999e-01
   1.6449199999999999e+00   1.9633500000000001e-01   9.0702400000000005e-01   8.1594599999999995e-01   2.1145600000000001e-01
   1.6499999999999999e+00   1.9636000000000001e-01   9.0678400000000003e-01   8.1700300000000003e-01   2.1121300000000001e-01
   1.6550800000000001e+00   1.9634199999999999e-01   9.0654900000000005e-01   8.1807799999999997e-01   2.1097199999999999e-01
   1.6599600000000001e+00   1.9634499999999999e-01   9.0633100000000000e-01   8.1911000000000000e-01   2.1074399999999999e-01
   1.6650400000000001e+00   1.9636100000000001e-01   9.0610800000000002e-01   8.2017399999999996e-01   2.1051100000000000e-01
   1.6699200000000001e+00   1.9633999999999999e-01   9.0590099999999996e-01   8.2120599999999999e-01   2.1028800000000000e-01
   1.6750000000000000e+00   1.9634599999999999e-01   9.0569100000000002e-01   8.2226800000000000e-01   2.1006300000000000e-01
   1.6800800000000000e+00   1.9635200000000000e-01   9.0548700000000004e-01   8.2333999999999996e-01   2.0983700000000000e-01
   1.6849600000000000e+00   1.9633700000000001e-01   9.0529199999999999e-01   8.2436500000000001e-01   2.0962000000000000e-01
   1.6900400000000000e+00   1.9634199999999999e-01   9.0509300000000004e-01   8.2542000000000004e-01   2.0939500000000000e-01
   1.6949200000000000e+00   1.9634399999999999e-01   9.0490800000000005e-01   8.2645199999999996e-01   2.0917900000000000e-01
   1.7000000000000000e+00   1.9634199999999999e-01   9.0471999999999997e-01   8.2750900000000005e-01   2.0895200000000000e-01
   1.7050799999999999e+00   1.9633900000000001e-01   9.0454000000000001e-01   8.2856399999999997e-01   2.0872299999999999e-01
   1.7099599999999999e+00   1.9634599999999999e-01   9.0437100000000004e-01   8.2958900000000002e-01   2.0850399999999999e-01
   1.7150399999999999e+00   1.9635200000000000e-01   9.0420199999999995e-01   8.3064000000000004e-01   2.0827599999999999e-01
   1.7199199999999999e+00   1.9633800000000001e-01   9.0404399999999996e-01   8.3165699999999998e-01   2.0805699999999999e-01
   1.7250000000000001e+00   1.9635400000000000e-01   9.0388400000000002e-01   8.3271200000000001e-01   2.0783399999999999e-01
   1.7300800000000001e+00   1.9635600000000000e-01   9.0372699999999995e-01   8.3376600000000001e-01   2.0761399999999999e-01
   1.7349600000000001e+00   1.9633600000000001e-01   9.0358000000000005e-01   8.3478300000000005e-01   2.0740300000000000e-01
   1.7400400000000000e+00   1.9635800000000000e-01   9.0343399999999996e-01   8.3582500000000004e-01   2.0718900000000001e-01
   1.7449200000000000e+00   1.9635200000000000e-01   9.0329899999999996e-01   8.3684599999999998e-01   2.0698700000000000e-01
   1.7500000000000000e+00   1.9633100000000001e-01   9.0316099999999999e-01   8.3789899999999995e-01   2.0677400000000001e-01
   1.7550800000000000e+00   1.9635700000000000e-01   9.0302800000000005e-01   8.3893099999999998e-01   2.0656500000000000e-01
   1.7599600000000000e+00   1.9634199999999999e-01   9.0290499999999996e-01   8.3996000000000004e-01   2.0636599999999999e-01
   1.7650399999999999e+00   1.9633100000000001e-01   9.0278199999999997e-01   8.4100399999999997e-01   2.0615700000000001e-01
   1.7699199999999999e+00   1.9635500000000000e-01   9.0267200000000003e-01   8.4198899999999999e-01   2.0595600000000000e-01
   1.7749999999999999e+00   1.9633600000000001e-01   9.0256499999999995e-01   8.4306099999999995e-01   2.0574799999999999e-01
   1.7800800000000001e+00   1.9633700000000001e-01   9.0246099999999996e-01   8.4409699999999999e-01   2.0554000000000000e-01
   1.7849600000000001e+00   1.9635700000000000e-01   9.0236300000000003e-01   8.4507800000000000e-01   2.0533799999999999e-01
   1.7900400000000001e+00   1.9633500000000001e-01   9.0226499999999998e-01   8.4614900000000004e-01   2.0513100000000001e-01
   1.7949200000000001e+00   1.9634599999999999e-01   9.0217300000000000e-01   8.4713899999999998e-01   2.0493300000000000e-01
   1.8000000000000000e+00   1.9635800000000000e-01   9.0208200000000005e-01   8.4816000000000003e-01   2.0472499999999999e-01
   1.8050800000000000e+00   1.9633700000000001e-01   9.0199799999999997e-01   8.4922500000000001e-01   2.0452300000000001e-01
   1.8099600000000000e+00   1.9635300000000000e-01   9.0192099999999997e-01   8.5021199999999997e-01   2.0433200000000001e-01
   1.8150400000000000e+00   1.9635600000000000e-01   9.0184399999999998e-01   8.5123599999999999e-01   2.0413000000000001e-01
   1.8199200000000000e+00   1.9633900000000001e-01   9.0177600000000002e-01   8.5224999999999995e-01   2.0394200000000001e-01
   1.8250000000000000e+00   1.9635500000000000e-01   9.0171100000000004e-01   8.5327900000000001e-01   2.0375099999999999e-01
   1.8300799999999999e+00   1.9635000000000000e-01   9.0164800000000001e-01   8.5430600000000001e-01   2.0355699999999999e-01
   1.8349599999999999e+00   1.9633999999999999e-01   9.0159100000000003e-01   8.5530799999999996e-01   2.0337500000000000e-01
   1.8400399999999999e+00   1.9635200000000000e-01   9.0154000000000001e-01   8.5633899999999996e-01   2.0319000000000001e-01
   1.8449199999999999e+00   1.9634399999999999e-01   9.0149699999999999e-01   8.5732900000000001e-01   2.0301000000000000e-01
   1.8500000000000001e+00   1.9634199999999999e-01   9.0145600000000004e-01   8.5835600000000001e-01   2.0282300000000000e-01
   1.8550800000000001e+00   1.9634599999999999e-01   9.0141700000000002e-01   8.5939100000000002e-01   2.0264199999999999e-01
   1.8599600000000001e+00   1.9633800000000001e-01   9.0138300000000005e-01   8.6038400000000004e-01   2.0246400000000001e-01
   1.8650400000000000e+00   1.9634599999999999e-01   9.0135299999999996e-01   8.6139600000000005e-01   2.0228099999999999e-01
   1.8699200000000000e+00   1.9634199999999999e-01   9.0132900000000005e-01   8.6239399999999999e-01   2.0210900000000001e-01
   1.8750000000000000e+00   1.9633500000000001e-01   9.0130699999999997e-01   8.6342900000000000e-01   2.0192599999999999e-01
   1.8800800000000000e+00   1.9635200000000000e-01   9.0128799999999998e-01   8.6442900000000000e-01   2.0174600000000001e-01
   1.8849600000000000e+00   1.9633999999999999e-01   9.0127400000000002e-01   8.6542600000000003e-01   2.0157600000000001e-01
   1.8900399999999999e+00   1.9633300000000001e-01   9.0126200000000001e-01   8.6646299999999998e-01   2.0139599999999999e-01
   1.8949199999999999e+00   1.9635800000000000e-01   9.0125500000000003e-01   8.6741599999999996e-01   2.0122599999999999e-01
   1.8999999999999999e+00   1.9634199999999999e-01   9.0125000000000000e-01   8.6844900000000003e-01   2.0105200000000001e-01
   1.9050800000000001e+00   1.9633300000000001e-01   9.0124599999999999e-01   8.6948700000000001e-01   2.0087600000000000e-01
   1.9099600000000001e+00   1.9636400000000001e-01   9.0125000000000000e-01   8.7043599999999999e-01   2.0071000000000000e-01
   1.9150400000000001e+00   1.9634499999999999e-01   9.0125699999999997e-01   8.7146299999999999e-01   2.0054100000000000e-01
   1.9199200000000001e+00   1.9633300000000001e-01   9.0126600000000001e-01   8.7246299999999999e-01   2.0037700000000000e-01
   1.9250000000000000e+00   1.9636600000000001e-01   9.0128299999999995e-01   8.7345200000000001e-01   2.0021000000000000e-01
   1.9300800000000000e+00   1.9634799999999999e-01   9.0130299999999997e-01   8.7447100000000000e-01   2.0004600000000000e-01
   1.9349600000000000e+00   1.9633400000000001e-01   9.0132400000000001e-01   8.7546700000000000e-01   1.9988800000000001e-01
   1.9400400000000000e+00   1.9636400000000001e-01   9.0135100000000001e-01   8.7646199999999996e-01   1.9972699999999999e-01
   1.9449200000000000e+00   1.9635100000000000e-01   9.0138099999999999e-01   8.7743400000000005e-01   1.9957400000000000e-01
   1.9500000000000000e+00   1.9633700000000001e-01   9.0141300000000002e-01   8.7846299999999999e-01   1.9941600000000001e-01
   1.9550799999999999e+00   1.9635900000000001e-01   9.0145100000000000e-01   8.7946599999999997e-01   1.9926199999999999e-01
   1.9599599999999999e+00   1.9635000000000000e-01   9.0149100000000004e-01   8.8043400000000005e-01   1.9911100000000001e-01
   1.9650399999999999e+00   1.9634099999999999e-01   9.0153499999999998e-01   8.8144999999999996e-01   1.9896000000000000e-01
   1.9699199999999999e+00   1.9635400000000000e-01   9.0157900000000002e-01   8.8242200000000004e-01   1.9881699999999999e-01
   1.9750000000000001e+00   1.9634499999999999e-01   9.0163000000000004e-01   8.8343099999999997e-01   1.9866600000000001e-01
   1.9800800000000001e+00   1.9634399999999999e-01   9.0168599999999999e-01   8.8443300000000002e-01   1.9851900000000000e-01
   1.9849600000000001e+00   1.9635300000000000e-01   9.0173999999999999e-01   8.8540500000000000e-01   1.9838000000000000e-01
   1.9900400000000000e+00   1.9633800000000001e-01   9.0180099999999996e-01   8.8642299999999996e-01   1.9823499999999999e-01
   1.9949200000000000e+00   1.9634399999999999e-01   9.0186200000000005e-01   8.8737400000000000e-01   1.9809700000000000e-01
   2.0000000000000000e+00   1.9635500000000000e-01   9.0192899999999998e-01   8.8837800000000000e-01   1.9795599999999999e-01
   2.0050800000000000e+00   1.9633300000000001e-01   9.0199700000000005e-01   8.8940600000000003e-01   1.9781799999999999e-01
   2.0099600000000000e+00   1.9633999999999999e-01   9.0206799999999998e-01   8.9035299999999995e-01   1.9768400000000000e-01
   2.0150399999999999e+00   1.9636000000000001e-01   9.0214399999999995e-01   8.9134300000000000e-01   1.9754700000000000e-01
   2.0199199999999999e+00   1.9633300000000001e-01   9.0221799999999996e-01   8.9233899999999999e-01   1.9741900000000001e-01
   2.0249999999999999e+00   1.9633300000000001e-01   9.0229899999999996e-01   8.9333099999999999e-01   1.9728499999999999e-01
   2.0300799999999999e+00   1.9636200000000001e-01   9.0238200000000002e-01   8.9430500000000002e-01   1.9715099999999999e-01
   2.0349599999999999e+00   1.9633900000000001e-01   9.0246400000000004e-01   8.9529800000000004e-01   1.9702700000000001e-01
   2.0400399999999999e+00   1.9632500000000000e-01   9.0255399999999997e-01   8.9630299999999996e-01   1.9689999999999999e-01
   2.0449199999999998e+00   1.9635900000000001e-01   9.0264200000000006e-01   8.9722800000000003e-01   1.9677500000000001e-01
   2.0499999999999998e+00   1.9634799999999999e-01   9.0273499999999995e-01   8.9824599999999999e-01   1.9664799999999999e-01
   2.0550799999999998e+00   1.9632200000000000e-01   9.0283100000000005e-01   8.9926499999999998e-01   1.9652700000000001e-01
   2.0599599999999998e+00   1.9635000000000000e-01   9.0292499999999998e-01   9.0019099999999996e-01   1.9640800000000000e-01
   2.0650400000000002e+00   1.9635400000000000e-01   9.0302499999999997e-01   9.0119000000000005e-01   1.9628499999999999e-01
   2.0699200000000002e+00   1.9632700000000000e-01   9.0312499999999996e-01   9.0217700000000001e-01   1.9617299999999999e-01
   2.0750000000000002e+00   1.9634099999999999e-01   9.0322999999999998e-01   9.0315100000000004e-01   1.9605400000000001e-01
   2.0800800000000002e+00   1.9635400000000000e-01   9.0333699999999995e-01   9.0413500000000002e-01   1.9593600000000000e-01
   2.0849600000000001e+00   1.9633500000000001e-01   9.0344199999999997e-01   9.0511600000000003e-01   1.9582800000000000e-01
   2.0900400000000001e+00   1.9633800000000001e-01   9.0355300000000005e-01   9.0610199999999996e-01   1.9571400000000000e-01
   2.0949200000000001e+00   1.9634799999999999e-01   9.0366199999999997e-01   9.0704200000000001e-01   1.9560600000000000e-01
   2.1000000000000001e+00   1.9634099999999999e-01   9.0377700000000005e-01   9.0805000000000002e-01   1.9549700000000000e-01
   2.1050800000000001e+00   1.9634199999999999e-01   9.0389500000000000e-01   9.0904200000000002e-01   1.9538900000000001e-01
   2.1099600000000001e+00   1.9634299999999999e-01   9.0400899999999995e-01   9.0998500000000004e-01   1.9528599999999999e-01
   2.1150400000000000e+00   1.9633800000000001e-01   9.0412899999999996e-01   9.1098500000000004e-01   1.9517999999999999e-01
   2.1199200000000000e+00   1.9634799999999999e-01   9.0424700000000002e-01   9.1193599999999997e-01   1.9508100000000000e-01
   2.1250000000000000e+00   1.9634599999999999e-01   9.0437000000000001e-01   9.1291800000000001e-01   1.9497900000000001e-01
   2.1300800000000000e+00   1.9633000000000000e-01   9.0449700000000000e-01   9.1391999999999995e-01   1.9487800000000000e-01
   2.1349600000000000e+00   1.9634599999999999e-01   9.0461899999999995e-01   9.1486800000000001e-01   1.9478400000000001e-01
   2.1400399999999999e+00   1.9635700000000000e-01   9.0474699999999997e-01   9.1584100000000002e-01   1.9468600000000000e-01
   2.1449199999999999e+00   1.9632900000000000e-01   9.0487300000000004e-01   9.1680700000000004e-01   1.9459499999999999e-01
   2.1499999999999999e+00   1.9633300000000001e-01   9.0500499999999995e-01   9.1780099999999998e-01   1.9450200000000001e-01
   2.1550799999999999e+00   1.9636600000000001e-01   9.0513699999999997e-01   9.1876199999999997e-01   1.9440700000000000e-01
   2.1599599999999999e+00   1.9634099999999999e-01   9.0526600000000002e-01   9.1972100000000001e-01   1.9432099999999999e-01
   2.1650399999999999e+00   1.9631699999999999e-01   9.0540200000000004e-01   9.2073199999999999e-01   1.9423499999999999e-01
   2.1699199999999998e+00   1.9635900000000001e-01   9.0553399999999995e-01   9.2165299999999994e-01   1.9414699999999999e-01
   2.1749999999999998e+00   1.9636200000000001e-01   9.0567200000000003e-01   9.2262500000000003e-01   1.9406100000000001e-01
   2.1800799999999998e+00   1.9631299999999999e-01   9.0581100000000003e-01   9.2364800000000002e-01   1.9398000000000001e-01
   2.1849599999999998e+00   1.9633700000000001e-01   9.0594600000000003e-01   9.2458700000000005e-01   1.9389899999999999e-01
   2.1900400000000002e+00   1.9637600000000000e-01   9.0608699999999998e-01   9.2553300000000005e-01   1.9381399999999999e-01
   2.1949200000000002e+00   1.9633200000000001e-01   9.0622400000000003e-01   9.2650600000000005e-01   1.9374100000000000e-01
   2.2000000000000002e+00   1.9631399999999999e-01   9.0636700000000003e-01   9.2751600000000001e-01   1.9366500000000000e-01
   2.2050800000000002e+00   1.9636799999999999e-01   9.0651099999999996e-01   9.2845500000000003e-01   1.9358400000000001e-01
   2.2099600000000001e+00   1.9636100000000001e-01   9.0665099999999998e-01   9.2939400000000005e-01   1.9351299999999999e-01
   2.2150400000000001e+00   1.9631000000000001e-01   9.0679699999999996e-01   9.3042400000000003e-01   1.9344400000000000e-01
   2.2199200000000001e+00   1.9633800000000001e-01   9.0693800000000002e-01   9.3135299999999999e-01   1.9337199999999999e-01
   2.2250000000000001e+00   1.9637700000000000e-01   9.0708599999999995e-01   9.3228999999999995e-01   1.9330000000000000e-01
   2.2300800000000001e+00   1.9633000000000000e-01   9.0723399999999998e-01   9.3330900000000006e-01   1.9323399999999999e-01
   2.2349600000000001e+00   1.9631299999999999e-01   9.0737800000000002e-01   9.3427800000000005e-01   1.9317100000000001e-01
   2.2400400000000000e+00   1.9636600000000001e-01   9.0752699999999997e-01   9.3520800000000004e-01   1.9310099999999999e-01
   2.2449200000000000e+00   1.9636200000000001e-01   9.0767200000000003e-01   9.3614600000000003e-01   1.9303899999999999e-01
   2.2500000000000000e+00   1.9631299999999999e-01   9.0782300000000005e-01   9.3717700000000004e-01   1.9298100000000001e-01
   2.2550800000000000e+00   1.9633500000000001e-01   9.0797300000000003e-01   9.3813800000000003e-01   1.9291800000000001e-01
   2.2599600000000000e+00   1.9637299999999999e-01   9.0811900000000001e-01   9.3903700000000001e-01   1.9285700000000000e-01
   2.2650399999999999e+00   1.9633800000000001e-01   9.0827199999999997e-01   9.4005200000000000e-01   1.9280200000000000e-01
   2.2699199999999999e+00   1.9631299999999999e-01   9.0841799999999995e-01   9.4101999999999997e-01   1.9275000000000000e-01
   2.2749999999999999e+00   1.9635600000000000e-01   9.0856999999999999e-01   9.4195099999999998e-01   1.9269100000000000e-01
   2.2800799999999999e+00   1.9636500000000001e-01   9.0872299999999995e-01   9.4292299999999996e-01   1.9263600000000000e-01
   2.2849599999999999e+00   1.9632100000000000e-01   9.0886999999999996e-01   9.4391000000000003e-01   1.9259000000000001e-01
   2.2900399999999999e+00   1.9632600000000000e-01   9.0902300000000003e-01   9.4487500000000002e-01   1.9253899999999999e-01
   2.2949199999999998e+00   1.9636899999999999e-01   9.0917099999999995e-01   9.4577400000000000e-01   1.9248599999999999e-01
   2.2999999999999998e+00   1.9634799999999999e-01   9.0932400000000002e-01   9.4677900000000004e-01   1.9244000000000000e-01
   2.3050799999999998e+00   1.9631299999999999e-01   9.0947699999999998e-01   9.4778200000000001e-01   1.9239800000000001e-01
   2.3099599999999998e+00   1.9634499999999999e-01   9.0962500000000002e-01   9.4868500000000000e-01   1.9234999999999999e-01
   2.3150400000000002e+00   1.9636899999999999e-01   9.0977799999999998e-01   9.4964999999999999e-01   1.9230300000000000e-01
   2.3199200000000002e+00   1.9633000000000000e-01   9.0992499999999998e-01   9.5062500000000005e-01   1.9226799999999999e-01
   2.3250000000000002e+00   1.9631999999999999e-01   9.1007899999999997e-01   9.5159899999999997e-01   1.9222700000000001e-01
   2.3300800000000002e+00   1.9636400000000001e-01   9.1022999999999998e-01   9.5253900000000002e-01   1.9218099999999999e-01
   2.3349600000000001e+00   1.9635700000000000e-01   9.1037800000000002e-01   9.5349200000000001e-01   1.9214700000000001e-01
   2.3400400000000001e+00   1.9631699999999999e-01   9.1052999999999995e-01   9.5449399999999995e-01   1.9211200000000000e-01
   2.3449200000000001e+00   1.9633600000000001e-01   9.1067600000000004e-01   9.5540999999999998e-01   1.9207399999999999e-01
   2.3500000000000001e+00   1.9636999999999999e-01   9.1082799999999997e-01   9.5636699999999997e-01   1.9203999999999999e-01
   2.3550800000000001e+00   1.9633800000000001e-01   9.1097899999999998e-01   9.5736800000000000e-01   1.9200700000000001e-01
   2.3599600000000001e+00   1.9631799999999999e-01   9.1112499999999996e-01   9.5831200000000005e-01   1.9197700000000001e-01
   2.3650400000000000e+00   1.9635600000000000e-01   9.1127499999999995e-01   9.5926000000000000e-01   1.9194500000000000e-01
   2.3699200000000000e+00   1.9636400000000001e-01   9.1141899999999998e-01   9.6019800000000000e-01   1.9191400000000000e-01
   2.3750000000000000e+00   1.9632500000000000e-01   9.1156899999999996e-01   9.6119500000000002e-01   1.9188900000000000e-01
   2.3800800000000000e+00   1.9633100000000001e-01   9.1171800000000003e-01   9.6216199999999996e-01   1.9186200000000000e-01
   2.3849600000000000e+00   1.9636799999999999e-01   9.1186100000000003e-01   9.6307799999999999e-01   1.9183400000000000e-01
   2.3900399999999999e+00   1.9634799999999999e-01   9.1200899999999996e-01   9.6406400000000003e-01   1.9181000000000001e-01
   2.3949199999999999e+00   1.9631999999999999e-01   9.1215000000000002e-01   9.6501499999999996e-01   1.9178999999999999e-01
   2.3999999999999999e+00   1.9635000000000000e-01   9.1229600000000000e-01   9.6597299999999997e-01   1.9176599999999999e-01
   2.4050799999999999e+00   1.9636700000000001e-01   9.1244300000000000e-01   9.6693600000000002e-01   1.9174300000000000e-01
   2.4099599999999999e+00   1.9633300000000001e-01   9.1258200000000000e-01   9.6788799999999997e-01   1.9172500000000001e-01
   2.4150399999999999e+00   1.9633000000000000e-01   9.1272600000000004e-01   9.6886799999999995e-01   1.9170899999999999e-01
   2.4199199999999998e+00   1.9636400000000001e-01   9.1286599999999996e-01   9.6978500000000001e-01   1.9168900000000000e-01
   2.4249999999999998e+00   1.9635500000000000e-01   9.1300800000000004e-01   9.7075599999999995e-01   1.9167200000000001e-01
   2.4300799999999998e+00   1.9632700000000000e-01   9.1314899999999999e-01   9.7174899999999997e-01   1.9166100000000000e-01
   2.4349599999999998e+00   1.9634599999999999e-01   9.1328600000000004e-01   9.7267999999999999e-01   1.9164600000000001e-01
   2.4400400000000002e+00   1.9636700000000001e-01   9.1342500000000004e-01   9.7363200000000005e-01   1.9162999999999999e-01
   2.4449200000000002e+00   1.9634099999999999e-01   9.1355900000000001e-01   9.7457800000000006e-01   1.9162100000000001e-01
   2.4500000000000002e+00   1.9633200000000001e-01   9.1369800000000001e-01   9.7556799999999999e-01   1.9161100000000000e-01
   2.4550800000000002e+00   1.9636100000000001e-01   9.1383499999999995e-01   9.7652200000000000e-01   1.9159999999999999e-01
   2.4599600000000001e+00   1.9635800000000000e-01   9.1396699999999997e-01   9.7744699999999995e-01   1.9159100000000001e-01
   2.4650400000000001e+00   1.9633400000000001e-01   9.1410199999999997e-01   9.7844200000000003e-01   1.9158600000000001e-01
   2.4699200000000001e+00   1.9634399999999999e-01   9.1423200000000004e-01   9.7938000000000003e-01   1.9158000000000000e-01
   2.4750000000000001e+00   1.9636200000000001e-01   9.1436499999999998e-01   9.8032699999999995e-01   1.9157299999999999e-01
   2.4800800000000001e+00   1.9634799999999999e-01   9.1449599999999998e-01   9.8130700000000004e-01   1.9156899999999999e-01
   2.4849600000000001e+00   1.9633700000000001e-01   9.1462399999999999e-01   9.8226400000000003e-01   1.9156799999999999e-01
   2.4900400000000000e+00   1.9635300000000000e-01   9.1475300000000004e-01   9.8321899999999995e-01   1.9156500000000001e-01
   2.4949200000000000e+00   1.9636000000000001e-01   9.1487600000000002e-01   9.8413899999999999e-01   1.9156200000000001e-01
   2.5000000000000000e+00   1.9634299999999999e-01   9.1500599999999999e-01   9.8513399999999995e-01   1.9156400000000001e-01
   2.5050800000000000e+00   1.9634199999999999e-01   9.1513199999999995e-01   9.8611199999999999e-01   1.9156599999999999e-01
   2.5099600000000000e+00   1.9635800000000000e-01   9.1525199999999995e-01   9.8702199999999995e-01   1.9156500000000001e-01
   2.5150399999999999e+00   1.9635400000000000e-01   9.1537599999999997e-01   9.8799999999999999e-01   1.9156799999999999e-01
   2.5199199999999999e+00   1.9633900000000001e-01   9.1549499999999995e-01   9.8895699999999997e-01   1.9157399999999999e-01
   2.5249999999999999e+00   1.9634799999999999e-01   9.1561700000000001e-01   9.8991399999999996e-01   1.9157800000000000e-01
   2.5300799999999999e+00   1.9636000000000001e-01   9.1573700000000002e-01   9.9087099999999995e-01   1.9158100000000000e-01
   2.5349599999999999e+00   1.9634699999999999e-01   9.1585200000000000e-01   9.9182700000000001e-01   1.9158900000000001e-01
   2.5400399999999999e+00   1.9633900000000001e-01   9.1596999999999995e-01   9.9280500000000005e-01   1.9159799999999999e-01
   2.5449199999999998e+00   1.9635400000000000e-01   9.1608100000000003e-01   9.9371799999999999e-01   1.9160199999999999e-01
   2.5499999999999998e+00   1.9635700000000000e-01   9.1619700000000004e-01   9.9469399999999997e-01   1.9161200000000000e-01
   2.5550799999999998e+00   1.9633999999999999e-01   9.1631099999999999e-01   9.9568800000000002e-01   1.9162499999999999e-01
   2.5599599999999998e+00   1.9634299999999999e-01   9.1642000000000001e-01   9.9661000000000000e-01   1.9163300000000000e-01
   2.5650400000000002e+00   1.9635900000000001e-01   9.1653099999999998e-01   9.9756800000000001e-01   1.9164300000000001e-01
   2.5699200000000002e+00   1.9634900000000000e-01   9.1663499999999998e-01   9.9852200000000002e-01   1.9165800000000000e-01
   2.5750000000000002e+00   1.9633600000000001e-01   9.1674400000000000e-01   9.9950000000000006e-01   1.9167000000000001e-01
   2.5800800000000002e+00   1.9635200000000000e-01   9.1685300000000003e-01   1.0004500000000001e+00   1.9168199999999999e-01
   2.5849600000000001e+00   1.9635700000000000e-01   9.1695300000000002e-01   1.0013900000000000e+00   1.9169700000000001e-01
   2.5900400000000001e+00   1.9633800000000001e-01   9.1705700000000001e-01   1.0023800000000000e+00   1.9171199999999999e-01
   2.5949200000000001e+00   1.9634099999999999e-01   9.1715800000000003e-01   1.0033099999999999e+00   1.9172600000000001e-01
   2.6000000000000001e+00   1.9635800000000000e-01   9.1725999999999996e-01   1.0042700000000000e+00   1.9174300000000000e-01
   2.6050800000000001e+00   1.9634699999999999e-01   9.1735800000000001e-01   1.0052600000000000e+00   1.9175900000000001e-01
   2.6099600000000001e+00   1.9633500000000001e-01   9.1745399999999999e-01   1.0062000000000000e+00   1.9177700000000000e-01
   2.6150400000000000e+00   1.9635000000000000e-01   9.1755200000000003e-01   1.0071500000000000e+00   1.9179499999999999e-01
   2.6199200000000000e+00   1.9635600000000000e-01   9.1764400000000002e-01   1.0081000000000000e+00   1.9181200000000001e-01
   2.6250000000000000e+00   1.9633700000000001e-01   9.1773800000000005e-01   1.0090800000000000e+00   1.9183200000000000e-01
   2.6300800000000000e+00   1.9633800000000001e-01   9.1783099999999995e-01   1.0100400000000000e+00   1.9185300000000000e-01
   2.6349600000000000e+00   1.9635800000000000e-01   9.1791800000000001e-01   1.0109699999999999e+00   1.9187000000000001e-01
   2.6400399999999999e+00   1.9634499999999999e-01   9.1801100000000002e-01   1.0119600000000000e+00   1.9189200000000001e-01
   2.6449199999999999e+00   1.9633100000000001e-01   9.1809600000000002e-01   1.0128999999999999e+00   1.9191300000000000e-01
   2.6499999999999999e+00   1.9635100000000000e-01   9.1818000000000000e-01   1.0138600000000000e+00   1.9193199999999999e-01
   2.6550799999999999e+00   1.9635400000000000e-01   9.1826700000000006e-01   1.0148400000000000e+00   1.9195599999999999e-01
   2.6599599999999999e+00   1.9633100000000001e-01   9.1834800000000005e-01   1.0157900000000000e+00   1.9197900000000001e-01
   2.6650399999999999e+00   1.9633999999999999e-01   9.1842999999999997e-01   1.0167500000000000e+00   1.9200000000000000e-01
   2.6699199999999998e+00   1.9635800000000000e-01   9.1851000000000005e-01   1.0176799999999999e+00   1.9202400000000000e-01
   2.6749999999999998e+00   1.9633900000000001e-01   9.1859199999999996e-01   1.0186700000000000e+00   1.9204800000000000e-01
   2.6800799999999998e+00   1.9633100000000001e-01   9.1867100000000002e-01   1.0196400000000001e+00   1.9207299999999999e-01
   2.6849599999999998e+00   1.9635400000000000e-01   9.1874699999999998e-01   1.0205700000000000e+00   1.9209499999999999e-01
   2.6900400000000002e+00   1.9634799999999999e-01   9.1882399999999997e-01   1.0215500000000000e+00   1.9212099999999999e-01
   2.6949200000000002e+00   1.9632800000000000e-01   9.1889500000000002e-01   1.0224899999999999e+00   1.9214700000000001e-01
   2.7000000000000002e+00   1.9634399999999999e-01   9.1896900000000004e-01   1.0234600000000000e+00   1.9217000000000001e-01
   2.7050800000000002e+00   1.9635500000000000e-01   9.1904200000000003e-01   1.0244300000000000e+00   1.9219700000000001e-01
   2.7099600000000001e+00   1.9633300000000001e-01   9.1910999999999998e-01   1.0253800000000000e+00   1.9222400000000001e-01
   2.7150400000000001e+00   1.9633400000000001e-01   9.1917899999999997e-01   1.0263500000000001e+00   1.9224800000000000e-01
   2.7199200000000001e+00   1.9635500000000000e-01   9.1924499999999998e-01   1.0272800000000000e+00   1.9227400000000000e-01
   2.7250000000000001e+00   1.9634199999999999e-01   9.1931099999999999e-01   1.0282700000000000e+00   1.9230200000000000e-01
   2.7300800000000001e+00   1.9632900000000000e-01   9.1937500000000005e-01   1.0292500000000000e+00   1.9232900000000000e-01
   2.7349600000000001e+00   1.9634900000000000e-01   9.1943699999999995e-01   1.0301800000000001e+00   1.9235500000000000e-01
   2.7400400000000000e+00   1.9635000000000000e-01   9.1949800000000004e-01   1.0311600000000001e+00   1.9238400000000000e-01
   2.7449200000000000e+00   1.9632900000000000e-01   9.1955600000000004e-01   1.0321000000000000e+00   1.9241000000000000e-01
   2.7500000000000000e+00   1.9633999999999999e-01   9.1961499999999996e-01   1.0330699999999999e+00   1.9243700000000000e-01
   2.7550800000000000e+00   1.9635500000000000e-01   9.1967200000000005e-01   1.0340400000000001e+00   1.9246600000000000e-01
   2.7599600000000000e+00   1.9633600000000001e-01   9.1972500000000001e-01   1.0349900000000001e+00   1.9249300000000000e-01
   2.7650399999999999e+00   1.9633200000000001e-01   9.1977900000000001e-01   1.0359700000000001e+00   1.9252000000000000e-01
   2.7699199999999999e+00   1.9635300000000000e-01   9.1982900000000001e-01   1.0368999999999999e+00   1.9255000000000000e-01
   2.7749999999999999e+00   1.9634399999999999e-01   9.1988000000000003e-01   1.0378900000000000e+00   1.9257700000000000e-01
   2.7800799999999999e+00   1.9632900000000000e-01   9.1992900000000000e-01   1.0388599999999999e+00   1.9260500000000000e-01
   2.7849599999999999e+00   1.9634799999999999e-01   9.1997499999999999e-01   1.0397900000000000e+00   1.9263500000000000e-01
   2.7900399999999999e+00   1.9635100000000000e-01   9.2002099999999998e-01   1.0407800000000000e+00   1.9266300000000000e-01
   2.7949199999999998e+00   1.9633000000000000e-01   9.2006399999999999e-01   1.0417300000000000e+00   1.9269000000000000e-01
   2.7999999999999998e+00   1.9633999999999999e-01   9.2010599999999998e-01   1.0426899999999999e+00   1.9272000000000000e-01
   2.8050799999999998e+00   1.9635500000000000e-01   9.2014799999999997e-01   1.0436700000000001e+00   1.9274800000000000e-01
   2.8099599999999998e+00   1.9633600000000001e-01   9.2018699999999998e-01   1.0446200000000001e+00   1.9277600000000000e-01
   2.8150400000000002e+00   1.9633300000000001e-01   9.2022400000000004e-01   1.0455900000000000e+00   1.9280600000000001e-01
   2.8199200000000002e+00   1.9635400000000000e-01   9.2026100000000000e-01   1.0465300000000000e+00   1.9283300000000000e-01
   2.8250000000000002e+00   1.9634399999999999e-01   9.2029600000000000e-01   1.0475200000000000e+00   1.9286200000000001e-01
   2.8300800000000002e+00   1.9633000000000000e-01   9.2032899999999995e-01   1.0485000000000000e+00   1.9289200000000001e-01
   2.8349600000000001e+00   1.9634900000000000e-01   9.2036099999999998e-01   1.0494300000000001e+00   1.9292000000000001e-01
   2.8400400000000001e+00   1.9635000000000000e-01   9.2039199999999999e-01   1.0504100000000001e+00   1.9294700000000001e-01
   2.8449200000000001e+00   1.9633000000000000e-01   9.2042000000000002e-01   1.0513600000000001e+00   1.9297700000000001e-01
   2.8500000000000001e+00   1.9634299999999999e-01   9.2044800000000004e-01   1.0523300000000000e+00   1.9300500000000001e-01
   2.8550800000000001e+00   1.9635400000000000e-01   9.2047500000000004e-01   1.0533100000000000e+00   1.9303200000000001e-01
   2.8599600000000001e+00   1.9633400000000001e-01   9.2049800000000004e-01   1.0542600000000000e+00   1.9306200000000001e-01
   2.8650400000000000e+00   1.9633800000000001e-01   9.2052199999999995e-01   1.0552299999999999e+00   1.9309000000000001e-01
   2.8699200000000000e+00   1.9635500000000000e-01   9.2054400000000003e-01   1.0561700000000001e+00   1.9311600000000001e-01
   2.8750000000000000e+00   1.9633999999999999e-01   9.2056400000000005e-01   1.0571699999999999e+00   1.9314600000000001e-01
   2.8800800000000000e+00   1.9633400000000001e-01   9.2058399999999996e-01   1.0581400000000001e+00   1.9317500000000001e-01
   2.8849600000000000e+00   1.9635300000000000e-01   9.2060100000000000e-01   1.0590700000000000e+00   1.9320100000000001e-01
   2.8900399999999999e+00   1.9634499999999999e-01   9.2061700000000002e-01   1.0600700000000001e+00   1.9323100000000001e-01
   2.8949199999999999e+00   1.9633300000000001e-01   9.2063200000000001e-01   1.0610100000000000e+00   1.9325700000000001e-01
   2.8999999999999999e+00   1.9634900000000000e-01   9.2064699999999999e-01   1.0619799999999999e+00   1.9328400000000001e-01
   2.9050799999999999e+00   1.9634900000000000e-01   9.2065799999999998e-01   1.0629700000000000e+00   1.9331300000000001e-01
   2.9099599999999999e+00   1.9633400000000001e-01   9.2066899999999996e-01   1.0639200000000000e+00   1.9334000000000001e-01
   2.9150399999999999e+00   1.9634499999999999e-01   9.2067900000000003e-01   1.0648800000000000e+00   1.9336500000000001e-01
   2.9199199999999998e+00   1.9635200000000000e-01   9.2068600000000000e-01   1.0658300000000001e+00   1.9339200000000001e-01
   2.9249999999999998e+00   1.9633700000000001e-01   9.2069299999999998e-01   1.0668299999999999e+00   1.9342000000000001e-01
   2.9300799999999998e+00   1.9634199999999999e-01   9.2069999999999996e-01   1.0677900000000000e+00   1.9344600000000001e-01
   2.9349599999999998e+00   1.9635200000000000e-01   9.2070399999999997e-01   1.0687300000000000e+00   1.9347100000000000e-01
   2.9400400000000002e+00   1.9633900000000001e-01   9.2070700000000005e-01   1.0697300000000001e+00   1.9349900000000000e-01
   2.9449200000000002e+00   1.9633900000000001e-01   9.2070900000000000e-01   1.0706700000000000e+00   1.9352300000000000e-01
   2.9500000000000002e+00   1.9635100000000000e-01   9.2070900000000000e-01   1.0716399999999999e+00   1.9354900000000000e-01
   2.9550800000000002e+00   1.9634099999999999e-01   9.2070799999999997e-01   1.0726400000000000e+00   1.9357600000000000e-01
   2.9599600000000001e+00   1.9633800000000001e-01   9.2070700000000005e-01   1.0735800000000000e+00   1.9359999999999999e-01
   2.9650400000000001e+00   1.9635000000000000e-01   9.2070399999999997e-01   1.0745499999999999e+00   1.9362399999999999e-01
   2.9699200000000001e+00   1.9634299999999999e-01   9.2069900000000005e-01   1.0755100000000000e+00   1.9364999999999999e-01
   2.9750000000000001e+00   1.9633800000000001e-01   9.2069400000000001e-01   1.0765000000000000e+00   1.9367400000000001e-01
   2.9800800000000001e+00   1.9635000000000000e-01   9.2068700000000003e-01   1.0774600000000001e+00   1.9369800000000001e-01
   2.9849600000000001e+00   1.9634399999999999e-01   9.2067800000000000e-01   1.0784100000000001e+00   1.9372300000000001e-01
   2.9900400000000000e+00   1.9633700000000001e-01   9.2066999999999999e-01   1.0794100000000000e+00   1.9374600000000000e-01
   2.9949200000000000e+00   1.9634900000000000e-01   9.2066099999999995e-01   1.0803400000000001e+00   1.9376800000000000e-01
   3.0000000000000000e+00   1.9634499999999999e-01   9.2064800000000002e-01   1.0813200000000001e+00   1.9379299999999999e-01
