   3.1250000000000002e-03   1.9632717999999999e-01   9.9997851999999998e-01   5.0000813000000000e-01   1.0965100000000000e-03
   6.2500000000000003e-03   1.9632714000000001e-01   9.9997835000000002e-01   5.0001525000000002e-01   2.5717700000000001e-03
   9.3749999999999997e-03   1.9632890000000000e-01   9.9997893999999998e-01   5.0002745000000004e-01   4.1624899999999996e-03
   1.5625000000000000e-02   1.9633010000000001e-01   9.9997966999999999e-01   5.0006726999999995e-01   7.4148599999999997e-03
   1.8749999999999999e-02   1.9633016000000000e-01   9.9997974000000001e-01   5.0009482999999999e-01   9.0394900000000007e-03
   2.5000000000000001e-02   1.9633017999999999e-01   9.9997963999999995e-01   5.0016495000000005e-01   1.2268170000000000e-02
   3.1250000000000000e-02   1.9633018999999999e-01   9.9997939000000002e-01   5.0025496000000003e-01   1.5469920000000000e-02
   3.4375000000000003e-02   1.9633033000000000e-01   9.9997961000000002e-01   5.0030721000000000e-01   1.7060309999999999e-02
   4.0625000000000001e-02   1.9633022999999999e-01   9.9997906000000003e-01   5.0042675000000003e-01   2.0220519999999999e-02
   4.3749999999999997e-02   1.9633059999999999e-01   9.9997990999999997e-01   5.0049352000000003e-01   2.1791540000000002e-02
   5.0000000000000003e-02   1.9633021000000000e-01   9.9997886999999996e-01   5.0064235000000001e-01   2.4912890000000000e-02
   5.6250000000000001e-02   1.9633022000000000e-01   9.9997855999999996e-01   5.0081047999999995e-01   2.8010119999999999e-02
   5.9374999999999997e-02   1.9633022999999999e-01   9.9997838999999999e-01   5.0090175000000003e-01   2.9550610000000001e-02
   6.5625000000000003e-02   1.9633022000000000e-01   9.9997795000000000e-01   5.0109844000000003e-01   3.2613600000000000e-02
   6.8750000000000006e-02   1.9633032000000000e-01   9.9997806000000000e-01   5.0120385999999995e-01   3.4136350000000003e-02
   7.4999999999999997e-02   1.9633038000000000e-01   9.9997822999999997e-01   5.0142858999999995e-01   3.7163540000000002e-02
   8.1250000000000003e-02   1.9633017999999999e-01   9.9997762000000001e-01   5.0167260999999996e-01   4.0167889999999998e-02
   8.4375000000000006e-02   1.9633017999999999e-01   9.9997747999999997e-01   5.0180166999999998e-01   4.1662629999999999e-02
   9.0624999999999997e-02   1.9633021000000000e-01   9.9997722000000000e-01   5.0207362000000000e-01   4.4640600000000003e-02
   9.3750000000000000e-02   1.9633022000000000e-01   9.9997700000000000e-01   5.0221652000000006e-01   4.6123119999999997e-02
   1.0000000000000001e-01   1.9633031000000001e-01   9.9997672000000004e-01   5.0251592000000000e-01   4.9073499999999999e-02
   1.0625000000000000e-01   1.9633039999999999e-01   9.9997665999999996e-01   5.0283328000000005e-01   5.2001130000000000e-02
   1.0937500000000000e-01   1.9633067000000001e-01   9.9997720999999995e-01   5.0299863000000000e-01   5.3457030000000003e-02
   1.1562500000000001e-01   1.9633048000000000e-01   9.9997703999999998e-01   5.0334345999999996e-01   5.6354359999999999e-02
   1.1874999999999999e-01   1.9633033000000000e-01   9.9997667999999995e-01   5.0352258999999999e-01   5.7796100000000003e-02
   1.2500000000000000e-01   1.9633038999999999e-01   9.9997703999999998e-01   5.0389430999999996e-01   6.0665270000000000e-02
   1.3125000000000001e-01   1.9633057000000001e-01   9.9997818999999999e-01   5.0428282999999996e-01   6.3516749999999997e-02
   1.3437499999999999e-01   1.9633079000000001e-01   9.9997891000000005e-01   5.0448367999999999e-01   6.4933210000000005e-02
   1.4062500000000000e-01   1.9633060999999999e-01   9.9997855999999996e-01   5.0489898000000000e-01   6.7748539999999996e-02
   1.4374999999999999e-01   1.9633091000000000e-01   9.9997930000000002e-01   5.0511296999999999e-01   6.9149900000000000e-02
   1.4999999999999999e-01   1.9633068000000001e-01   9.9997860000000005e-01   5.0555466999999998e-01   7.1939560000000000e-02
   1.5625000000000000e-01   1.9633079000000001e-01   9.9997840999999998e-01   5.0601364000000004e-01   7.4710429999999994e-02
   1.5937499999999999e-01   1.9633060999999999e-01   9.9997765000000005e-01   5.0624981999999996e-01   7.6088660000000002e-02
   1.6562499999999999e-01   1.9633084000000001e-01   9.9997811999999997e-01   5.0673420999999996e-01   7.8832630000000001e-02
   1.6875000000000001e-01   1.9633038000000000e-01   9.9997700000000000e-01   5.0698312999999995e-01   8.0198039999999998e-02
   1.7499999999999999e-01   1.9633078000000001e-01   9.9997742000000001e-01   5.0749294000000000e-01   8.2915180000000005e-02
   1.8124999999999999e-01   1.9633039999999999e-01   9.9997548000000003e-01   5.0802049000000005e-01   8.5610980000000003e-02
   1.8437500000000001e-01   1.9633031000000001e-01   9.9997469999999999e-01   5.0829060999999998e-01   8.6953630000000004e-02
   1.9062499999999999e-01   1.9633043000000000e-01   9.9997429000000004e-01   5.0884282999999997e-01   8.9626910000000004e-02
   1.9375000000000001e-01   1.9633068000000001e-01   9.9997482000000004e-01   5.0912489999999999e-01   9.0957230000000000e-02
   2.0000000000000001e-01   1.9633013999999999e-01   9.9997269000000000e-01   5.0970240000000000e-01   9.3600210000000003e-02
   2.0624999999999999e-01   1.9633070999999999e-01   9.9997407000000005e-01   5.1029564000000005e-01   9.6226969999999995e-02
   2.0937500000000001e-01   1.9633053000000000e-01   9.9997413000000002e-01   5.1059814999999997e-01   9.7533640000000005e-02
   2.1562500000000001e-01   1.9633036000000001e-01   9.9997420000000004e-01   5.1121539000000005e-01   1.0012783000000000e-01
   2.1875000000000000e-01   1.9633022000000000e-01   9.9997387000000004e-01   5.1153022999999997e-01   1.0141728000000000e-01
   2.2500000000000001e-01   1.9633044999999999e-01   9.9997358000000003e-01   5.1217151999999999e-01   1.0398716000000000e-01
   2.3125000000000001e-01   1.9633090000000000e-01   9.9997316000000003e-01   5.1282799000000001e-01   1.0653855000000000e-01
   2.3437500000000000e-01   1.9633049000000000e-01   9.9997179999999997e-01   5.1316211000000000e-01   1.0780755000000000e-01
   2.4062500000000001e-01   1.9633036000000001e-01   9.9996998999999998e-01   5.1384200999999996e-01   1.1033155000000000e-01
   2.4374999999999999e-01   1.9633060999999999e-01   9.9996954000000005e-01   5.1418797000000005e-01   1.1158634000000001e-01
   2.5000000000000000e-01   1.9633065000000000e-01   9.9996757000000003e-01   5.1489171000000000e-01   1.1408318000000001e-01
   2.5624999999999998e-01   1.9633030000000001e-01   9.9996507999999995e-01   5.1561078999999999e-01   1.1656415000000001e-01
   2.5937500000000002e-01   1.9633070000000000e-01   9.9996479000000005e-01   5.1597630999999999e-01   1.1779629000000000e-01
   2.6562500000000000e-01   1.9633097999999999e-01   9.9996434000000001e-01   5.1671772000000005e-01   1.2024957000000000e-01
   2.6874999999999999e-01   1.9633091000000000e-01   9.9996390000000002e-01   5.1709435999999998e-01   1.2146535999999999e-01
   2.7500000000000002e-01   1.9633080999999999e-01   9.9996319000000000e-01   5.1785950999999997e-01   1.2388167999999999e-01
   2.8125000000000000e-01   1.9633069000000000e-01   9.9996101999999998e-01   5.1864025999999996e-01   1.2627694000000000e-01
   2.8437499999999999e-01   1.9633128000000000e-01   9.9996151000000000e-01   5.1903551999999997e-01   1.2746953999999999e-01
   2.9062500000000002e-01   1.9633059000000000e-01   9.9995732999999998e-01   5.1983794999999999e-01   1.2984101000000001e-01
   2.9375000000000001e-01   1.9633065999999999e-01   9.9995571000000005e-01   5.2024464999999998e-01   1.3101984999999999e-01
   2.9999999999999999e-01   1.9633080999999999e-01   9.9995255000000005e-01   5.2106880000000000e-01   1.3336266999999999e-01
   3.0625000000000002e-01   1.9633062000000001e-01   9.9994788000000001e-01   5.2190798999999999e-01   1.3568577000000001e-01
   3.0937500000000001e-01   1.9633095000000000e-01   9.9994702000000002e-01   5.2233244000000001e-01   1.3683977999999999e-01
   3.1562499999999999e-01   1.9633036000000001e-01   9.9994203000000004e-01   5.2319283999999999e-01   1.3913038999999999e-01
   3.1874999999999998e-01   1.9633033000000000e-01   9.9994088000000003e-01   5.2362847000000001e-01   1.4026648000000000e-01
   3.2500000000000001e-01   1.9633116000000000e-01   9.9993869000000002e-01   5.2450936000000004e-01   1.4251912999999999e-01
   3.3124999999999999e-01   1.9633121000000001e-01   9.9993478000000002e-01   5.2540324000000005e-01   1.4475395999999999e-01
   3.3437499999999998e-01   1.9633079000000001e-01   9.9993129000000003e-01   5.2585563999999996e-01   1.4586220999999999e-01
   3.4062500000000001e-01   1.9633095000000000e-01   9.9992534000000000e-01   5.2677032000000001e-01   1.4806831000000001e-01
   3.4375000000000000e-01   1.9633091999999999e-01   9.9992177000000004e-01   5.2723279999999995e-01   1.4916346000000000e-01
   3.4999999999999998e-01   1.9633084000000001e-01   9.9991428999999998e-01   5.2816830999999997e-01   1.5133732999999999e-01
   3.5625000000000001e-01   1.9633059999999999e-01   9.9990676999999994e-01   5.2911810000000004e-01   1.5348563000000001e-01
   3.5937500000000000e-01   1.9633025000000001e-01   9.9990168000000001e-01   5.2959840000000002e-01   1.5454946000000000e-01
   3.6562499999999998e-01   1.9633034999999999e-01   9.9989413000000005e-01   5.3056826999999995e-01   1.5666206999999999e-01
   3.6875000000000002e-01   1.9633116000000000e-01   9.9989139000000005e-01   5.3105771000000002e-01   1.5770971000000000e-01
   3.7500000000000000e-01   1.9633134999999999e-01   9.9988204999999997e-01   5.3204622999999995e-01   1.5979275000000001e-01
   3.8124999999999998e-01   1.9633123999999999e-01   9.9987033000000003e-01   5.3304755000000004e-01   1.6185558999999999e-01
   3.8437500000000002e-01   1.9633115000000001e-01   9.9986421000000003e-01   5.3355308000000001e-01   1.6287612000000001e-01
   3.9062500000000000e-01   1.9633102999999999e-01   9.9985080999999998e-01   5.3457345000000001e-01   1.6489889999999999e-01
   3.9374999999999999e-01   1.9633052000000001e-01   9.9984234999999999e-01   5.3508895999999995e-01   1.6589970000000001e-01
   4.0000000000000002e-01   1.9633054999999999e-01   9.9982766999999995e-01   5.3612813000000004e-01   1.6788996000000000e-01
   4.0625000000000000e-01   1.9633112000000000e-01   9.9981489999999995e-01   5.3717877999999997e-01   1.6985697999999999e-01
   4.0937499999999999e-01   1.9633104000000001e-01   9.9980690000000005e-01   5.3770883000000003e-01   1.7082797999999999e-01
   4.1562500000000002e-01   1.9633080999999999e-01   9.9978871000000002e-01   5.3877849000000000e-01   1.7275371000000000e-01
   4.1875000000000001e-01   1.9633123000000000e-01   9.9978056999999998e-01   5.3931726999999996e-01   1.7370864999999999e-01
   4.2499999999999999e-01   1.9633041000000001e-01   9.9975813000000002e-01   5.4040480000000002e-01   1.7559114000000001e-01
   4.3125000000000002e-01   1.9633055999999999e-01   9.9973444000000000e-01   5.4150366999999999e-01   1.7745126000000000e-01
   4.3437500000000001e-01   1.9633057000000001e-01   9.9972170000000005e-01   5.4205773000000002e-01   1.7837492999999999e-01
   4.4062499999999999e-01   1.9633106000000000e-01   9.9969733000000005e-01   5.4317336999999999e-01   1.8020826000000001e-01
   4.4374999999999998e-01   1.9633117000000000e-01   9.9968422999999995e-01   5.4373552000000003e-01   1.8111346000000000e-01
   4.5000000000000001e-01   1.9633139999999999e-01   9.9965652999999999e-01   5.4486862000000003e-01   1.8289809000000001e-01
   4.5624999999999999e-01   1.9633153000000000e-01   9.9962651000000002e-01   5.4601184000000003e-01   1.8465814999999999e-01
   4.5937499999999998e-01   1.9633154000000000e-01   9.9961011000000000e-01   5.4658737999999996e-01   1.8553095000000000e-01
   4.6562500000000001e-01   1.9633175000000000e-01   9.9957492999999997e-01   5.4774666000000005e-01   1.8725669000000000e-01
   4.6875000000000000e-01   1.9633194000000001e-01   9.9955674000000005e-01   5.4832997000000006e-01   1.8811059999999999e-01
   4.7499999999999998e-01   1.9633063000000001e-01   9.9951515999999996e-01   5.4950688999999997e-01   1.8979129000000000e-01
   4.8125000000000001e-01   1.9633046000000001e-01   9.9947275999999996e-01   5.5069416999999998e-01   1.9144442000000000e-01
   4.8437500000000000e-01   1.9633117999999999e-01   9.9945317000000000e-01   5.5129099999999998e-01   1.9225988999999999e-01
   4.9062499999999998e-01   1.9633090000000000e-01   9.9940642000000002e-01   5.5249280000000001e-01   1.9386829999999999e-01
   4.9375000000000002e-01   1.9633154999999999e-01   9.9938302000000001e-01   5.5309690000000000e-01   1.9466496999999999e-01
   5.0000000000000000e-01   1.9633084000000001e-01   9.9933050999999995e-01   5.5431238999999999e-01   1.9623779999999999e-01
   5.0624999999999998e-01   1.9633138000000000e-01   9.9927414999999997e-01   5.5553779999999997e-01   1.9778105000000001e-01
   5.0937500000000002e-01   1.9633112999999999e-01   9.9924360000000001e-01   5.5615420000000004e-01   1.9854542999999999e-01
   5.1562500000000000e-01   1.9633146000000001e-01   9.9918249999999997e-01   5.5739304000000001e-01   2.0005742000000001e-01
   5.1875000000000004e-01   1.9633149999999999e-01   9.9915008000000005e-01   5.5801632000000001e-01   2.0080064000000000e-01
   5.2500000000000002e-01   1.9633123999999999e-01   9.9908335000000004e-01   5.5927072000000000e-01   2.0225431999999999e-01
   5.3125000000000000e-01   1.9633170999999999e-01   9.9901236000000004e-01   5.6053375999999999e-01   2.0367982000000001e-01
   5.3437500000000004e-01   1.9633112999999999e-01   9.9897214999999995e-01   5.6116887000000004e-01   2.0438539999999999e-01
   5.4062500000000002e-01   1.9633170999999999e-01   9.9889285000000005e-01   5.6244415999999997e-01   2.0577734000000000e-01
   5.4374999999999996e-01   1.9633128999999999e-01   9.9884991000000001e-01   5.6308555000000005e-01   2.0646480000000000e-01
   5.5000000000000004e-01   1.9633125000000001e-01   9.9876063999999998e-01   5.6437437999999995e-01   2.0781326999999999e-01
   5.5625000000000002e-01   1.9633169000000000e-01   9.9866904999999995e-01   5.6567065000000005e-01   2.0913277000000000e-01
   5.5937499999999996e-01   1.9633137000000001e-01   9.9862139999999999e-01   5.6632201999999998e-01   2.0977889000000000e-01
   5.6562500000000004e-01   1.9633175000000000e-01   9.9852282000000003e-01   5.6763072999999997e-01   2.1104822000000001e-01
   5.6874999999999998e-01   1.9633167000000001e-01   9.9847059000000005e-01   5.6828787999999997e-01   2.1166947999999999e-01
   5.7499999999999996e-01   1.9633085000000000e-01   9.9835779999999996e-01   5.6960913999999996e-01   2.1288720000000000e-01
   5.8125000000000004e-01   1.9633128000000000e-01   9.9824104000000002e-01   5.7093674999999999e-01   2.1409558000000001e-01
   5.8437499999999998e-01   1.9633133000000000e-01   9.9818008000000003e-01   5.7160339000000004e-01   2.1468844000000001e-01
   5.9062499999999996e-01   1.9633134999999999e-01   9.9805228000000001e-01   5.7294263000000001e-01   2.1584750999999999e-01
   5.9375000000000000e-01   1.9633160999999999e-01   9.9798615000000002e-01   5.7361485999999995e-01   2.1641562000000000e-01
   5.9999999999999998e-01   1.9633213999999999e-01   9.9785181999999994e-01   5.7496398999999998e-01   2.1752738999999999e-01
   6.0624999999999996e-01   1.9633204000000001e-01   9.9770956000000000e-01   5.7631991999999999e-01   2.1861552000000001e-01
   6.0937500000000000e-01   1.9633195000000001e-01   9.9763511000000005e-01   5.7700048999999998e-01   2.1914979000000001e-01
   6.1562499999999998e-01   1.9633092999999999e-01   9.9747626000000000e-01   5.7836776999999995e-01   2.2018989999999999e-01
   6.1875000000000002e-01   1.9633168000000001e-01   9.9739593999999998e-01   5.7905320999999998e-01   2.2070296000000000e-01
   6.2500000000000000e-01   1.9633158000000001e-01   9.9722805000000003e-01   5.8042901999999996e-01   2.2170377999999999e-01
   6.3124999999999998e-01   1.9633120000000001e-01   9.9705140999999997e-01   5.8181137999999999e-01   2.2267611000000001e-01
   6.3437500000000002e-01   1.9633117999999999e-01   9.9696105000000002e-01   5.8250458000000005e-01   2.2315108000000000e-01
   6.4062500000000000e-01   1.9633109000000001e-01   9.9677663999999999e-01   5.8389466000000001e-01   2.2408225000000001e-01
   6.4375000000000004e-01   1.9633195000000001e-01   9.9668235999999999e-01   5.8459136000000000e-01   2.2453975000000001e-01
   6.5000000000000002e-01   1.9633150999999999e-01   9.9648152999999995e-01   5.8599062999999996e-01   2.2542754000000001e-01
   6.5625000000000000e-01   1.9633107000000000e-01   9.9626946000000005e-01   5.8739615999999995e-01   2.2628495000000001e-01
   6.5937500000000004e-01   1.9633143000000000e-01   9.9616110000000002e-01   5.8810061000000002e-01   2.2670839000000001e-01
   6.6562500000000002e-01   1.9633126000000001e-01   9.9593666999999997e-01   5.8951361999999996e-01   2.2753744000000001e-01
   6.6874999999999996e-01   1.9633115000000001e-01   9.9582106999999997e-01   5.9022249999999998e-01   2.2793922999999999e-01
   6.7500000000000004e-01   1.9633146000000001e-01   9.9558515000000003e-01   5.9164273000000001e-01   2.2872845999999999e-01
   6.8125000000000002e-01   1.9633144000000000e-01   9.9534064000000000e-01   5.9306716000000004e-01   2.2949036000000000e-01
   6.8437499999999996e-01   1.9633176999999999e-01   9.9521543000000001e-01   5.9378092000000005e-01   2.2986198999999999e-01
   6.9062500000000004e-01   1.9633174000000000e-01   9.9495341000000004e-01   5.9521292000000003e-01   2.3057089000000000e-01
   6.9374999999999998e-01   1.9633113999999999e-01   9.9481693000000004e-01   5.9593068000000005e-01   2.3091613999999999e-01
   6.9999999999999996e-01   1.9633128000000000e-01   9.9453860999999999e-01   5.9736904000000002e-01   2.3159714000000001e-01
   7.0625000000000004e-01   1.9633107999999999e-01   9.9425109000000000e-01   5.9881072000000002e-01   2.3225514000000000e-01
   7.0937499999999998e-01   1.9633073000000001e-01   9.9410237000000001e-01   5.9953349000000000e-01   2.3257423999999999e-01
   7.1562499999999996e-01   1.9633176999999999e-01   9.9380385999999998e-01   6.0098132000000004e-01   2.3319364000000001e-01
   7.1875000000000000e-01   1.9633160000000000e-01   9.9365102000000005e-01   6.0170665000000001e-01   2.3349006000000000e-01
   7.2499999999999998e-01   1.9633068000000001e-01   9.9333304000000000e-01   6.0316175999999999e-01   2.3406461000000001e-01
   7.3124999999999996e-01   1.9633154999999999e-01   9.9300511999999996e-01   6.0462000000000005e-01   2.3461576000000001e-01
   7.3437500000000000e-01   1.9633138999999999e-01   9.9283633000000004e-01   6.0535035000000004e-01   2.3488506000000001e-01
   7.4062499999999998e-01   1.9633097999999999e-01   9.9248913000000005e-01   6.0681348000000002e-01   2.3541318000000000e-01
   7.4375000000000002e-01   1.9633252000000001e-01   9.9231524000000004e-01   6.0754518999999996e-01   2.3566775000000001e-01
   7.5000000000000000e-01   1.9633133999999999e-01   9.9195160000000004e-01   6.0901263000000005e-01   2.3615759000000000e-01
   7.5624999999999998e-01   1.9633191999999999e-01   9.9158217000000004e-01   6.1048234000000001e-01   2.3662598000000001e-01
   7.5937500000000002e-01   1.9633122000000000e-01   9.9139259999999996e-01   6.1121862000000005e-01   2.3684906999999999e-01
   7.6562500000000000e-01   1.9633092999999999e-01   9.9100518000000004e-01   6.1269373000000005e-01   2.3726659999999999e-01
   7.6875000000000004e-01   1.9633154999999999e-01   9.9080851999999997e-01   6.1343133999999999e-01   2.3747326999999999e-01
   7.7500000000000002e-01   1.9633165999999999e-01   9.9040397000000002e-01   6.1490897000000000e-01   2.3787437000000000e-01
   7.8125000000000000e-01   1.9633149000000000e-01   9.8998637000000000e-01   6.1638915000000005e-01   2.3825497000000001e-01
   7.8437500000000004e-01   1.9633180000000000e-01   9.8977464999999998e-01   6.1713004999999999e-01   2.3843801000000001e-01
   7.9062500000000002e-01   1.9633129999999999e-01   9.8934270999999996e-01   6.1861365000000001e-01   2.3878808000000001e-01
   7.9374999999999996e-01   1.9633117999999999e-01   9.8912230999999995e-01   6.1935699000000000e-01   2.3895396999999999e-01
   8.0000000000000004e-01   1.9633129999999999e-01   9.8867406000000002e-01   6.2084587999999996e-01   2.3926022999999999e-01
   8.0625000000000002e-01   1.9633071999999999e-01   9.8821787999999999e-01   6.2233622000000000e-01   2.3955714000000000e-01
   8.0937499999999996e-01   1.9633127000000000e-01   9.8798682000000004e-01   6.2308182000000001e-01   2.3970040000000001e-01
   8.1562500000000004e-01   1.9633159000000000e-01   9.8751436999999997e-01   6.2457328999999995e-01   2.3997667000000000e-01
   8.1874999999999998e-01   1.9633183000000001e-01   9.8727419999999999e-01   6.2531924999999999e-01   2.4010514999999999e-01
   8.2499999999999996e-01   1.9633154999999999e-01   9.8678341999999997e-01   6.2681277000000002e-01   2.4034927000000000e-01
   8.3125000000000004e-01   1.9633097999999999e-01   9.8628066000000003e-01   6.2830841999999998e-01   2.4056538000000000e-01
   8.3437499999999998e-01   1.9633070999999999e-01   9.8602467000000005e-01   6.2905710000000004e-01   2.4066755000000001e-01
   8.4062499999999996e-01   1.9633074000000000e-01   9.8550601999999998e-01   6.3055528000000005e-01   2.4087016999999999e-01
   8.4375000000000000e-01   1.9633173000000001e-01   9.8524670999999997e-01   6.3130399999999998e-01   2.4096688999999999e-01
   8.4999999999999998e-01   1.9633136000000001e-01   9.8471593000000002e-01   6.3280376999999999e-01   2.4114405000000000e-01
   8.5624999999999996e-01   1.9633211000000000e-01   9.8417986999999996e-01   6.3430361000000002e-01   2.4130452999999999e-01
   8.5937500000000000e-01   1.9633192999999999e-01   9.8390681000000002e-01   6.3505403000000005e-01   2.4137791000000000e-01
   8.6562499999999998e-01   1.9633076999999999e-01   9.8334979000000000e-01   6.3655636999999998e-01   2.4151758000000001e-01
   8.6875000000000002e-01   1.9633128000000000e-01   9.8306758999999999e-01   6.3730766999999999e-01   2.4157456999999999e-01
   8.7500000000000000e-01   1.9633136000000001e-01   9.8249560999999996e-01   6.3881111000000002e-01   2.4168808000000000e-01
   8.8124999999999998e-01   1.9633042000000001e-01   9.8191245999999999e-01   6.4031543000000002e-01   2.4178853000000000e-01
   8.8437500000000002e-01   1.9633076999999999e-01   9.8161938999999998e-01   6.4106764999999999e-01   2.4183328000000001e-01
   8.9062500000000000e-01   1.9633160000000000e-01   9.8103180999999995e-01   6.4257134999999999e-01   2.4191109000000000e-01
   8.9375000000000004e-01   1.9633036000000001e-01   9.8073186999999995e-01   6.4332389999999995e-01   2.4194578000000000e-01
   9.0000000000000002e-01   1.9632990000000000e-01   9.8013218000000002e-01   6.4482967999999996e-01   2.4200255000000001e-01
   9.0625000000000000e-01   1.9633086000000000e-01   9.7952125000000001e-01   6.4633558000000002e-01   2.4203168000000000e-01
   9.0937500000000004e-01   1.9633076999999999e-01   9.7920987999999998e-01   6.4708878999999997e-01   2.4204732000000001e-01
   9.1562500000000002e-01   1.9633144999999999e-01   9.7858341999999998e-01   6.4859509999999998e-01   2.4206817999999999e-01
   9.1874999999999996e-01   1.9633164000000000e-01   9.7826621000000002e-01   6.4934822000000003e-01   2.4207661000000000e-01
   9.2500000000000004e-01   1.9633144999999999e-01   9.7762691999999995e-01   6.5085378999999999e-01   2.4209067000000001e-01
   9.3125000000000002e-01   1.9633165000000000e-01   9.7698253000000002e-01   6.5235896000000004e-01   2.4209521000000001e-01
   9.3437499999999996e-01   1.9633095000000000e-01   9.7665606000000005e-01   6.5311224999999995e-01   2.4209243999999999e-01
   9.4062500000000004e-01   1.9632996000000000e-01   9.7599625999999995e-01   6.5461939000000002e-01   2.4205668999999999e-01
   9.4374999999999998e-01   1.9633054999999999e-01   9.7566629000000005e-01   6.5537288999999999e-01   2.4203853000000000e-01
   9.4999999999999996e-01   1.9633146000000001e-01   9.7500503000000005e-01   6.5687786999999997e-01   2.4200049000000001e-01
   9.5625000000000004e-01   1.9633120000000001e-01   9.7433190999999997e-01   6.5838284999999996e-01   2.4194709000000000e-01
   9.5937499999999998e-01   1.9633123999999999e-01   9.7399212999999996e-01   6.5913493999999995e-01   2.4191882000000001e-01
   9.6562499999999996e-01   1.9633189000000001e-01   9.7331093000000002e-01   6.6063793000000004e-01   2.4185456000000000e-01
   9.6875000000000000e-01   1.9633173000000001e-01   9.7296691000000002e-01   6.6138958000000003e-01   2.4182061999999999e-01
   9.7499999999999998e-01   1.9633096999999999e-01   9.7227087000000001e-01   6.6289460000000000e-01   2.4173170999999999e-01
   9.8124999999999996e-01   1.9633133000000000e-01   9.7156998999999999e-01   6.6439952000000002e-01   2.4163385000000001e-01
   9.8437500000000000e-01   1.9633115000000001e-01   9.7121774000000005e-01   6.6515162000000005e-01   2.4158558999999999e-01
   9.9062499999999998e-01   1.9633016000000000e-01   9.7051038000000001e-01   6.6665576000000004e-01   2.4148591999999999e-01
   9.9375000000000002e-01   1.9633096000000000e-01   9.7015996999999998e-01   6.6740699999999997e-01   2.4143281999999999e-01
   1.0000000000000000e+00   1.9633162000000001e-01   9.6945517999999997e-01   6.6890784999999997e-01   2.4131491999999999e-01
   1.0062500000000001e+00   1.9633133000000000e-01   9.6874059999999995e-01   6.7040854999999999e-01   2.4118914999999999e-01
   1.0093749999999999e+00   1.9633138000000000e-01   9.6838119000000000e-01   6.7115829000000005e-01   2.4112338999999999e-01
   1.0156250000000000e+00   1.9633007000000000e-01   9.6765142000000004e-01   6.7265878000000001e-01   2.4097315000000000e-01
   1.0187500000000000e+00   1.9633034999999999e-01   9.6728510000000001e-01   6.7340840000000002e-01   2.4089663000000000e-01
   1.0249999999999999e+00   1.9633083000000001e-01   9.6654985999999998e-01   6.7490729000000005e-01   2.4074477999999999e-01
   1.0312500000000000e+00   1.9633037000000000e-01   9.6581163999999997e-01   6.7640486000000000e-01   2.4059979000000001e-01
   1.0343750000000000e+00   1.9633079000000001e-01   9.6544141999999999e-01   6.7715316000000003e-01   2.4052156000000000e-01
   1.0406249999999999e+00   1.9633080000000000e-01   9.6469932000000003e-01   6.7864888999999995e-01   2.4035896000000001e-01
   1.0437500000000000e+00   1.9633138000000000e-01   9.6433055999999995e-01   6.7939634999999998e-01   2.4027491000000001e-01
   1.0500000000000000e+00   1.9633059999999999e-01   9.6358944999999996e-01   6.8089060999999995e-01   2.4009679000000000e-01
   1.0562499999999999e+00   1.9633060999999999e-01   9.6284133000000005e-01   6.8238507999999998e-01   2.3990307999999999e-01
   1.0593750000000000e+00   1.9633068000000001e-01   9.6246419000000005e-01   6.8313144999999997e-01   2.3980708000000001e-01
   1.0656250000000000e+00   1.9633111000000000e-01   9.6170800999999995e-01   6.8462250999999996e-01   2.3961096000000001e-01
   1.0687500000000001e+00   1.9633075999999999e-01   9.6132724999999997e-01   6.8536786999999999e-01   2.3951270999999999e-01
   1.0750000000000000e+00   1.9633184000000001e-01   9.6056927999999997e-01   6.8685658000000005e-01   2.3931132999999999e-01
   1.0812500000000000e+00   1.9633115000000001e-01   9.5980628000000001e-01   6.8834364999999997e-01   2.3910507000000000e-01
   1.0843750000000001e+00   1.9633121000000001e-01   9.5942576999999996e-01   6.8908683999999998e-01   2.3900107000000001e-01
   1.0906250000000000e+00   1.9633055999999999e-01   9.5866408999999997e-01   6.9057281999999998e-01   2.3878801999999999e-01
   1.0937500000000000e+00   1.9633016000000000e-01   9.5828482000000004e-01   6.9131617999999995e-01   2.3867445000000001e-01
   1.1000000000000001e+00   1.9633004000000001e-01   9.5752760000000003e-01   6.9280235999999995e-01   2.3843897000000000e-01
   1.1062500000000000e+00   1.9633085000000000e-01   9.5677036999999998e-01   6.9428624999999999e-01   2.3820211999999999e-01
   1.1093750000000000e+00   1.9633186999999999e-01   9.5639171000000001e-01   6.9502673000000004e-01   2.3808667000000000e-01
   1.1156250000000001e+00   1.9633049999999999e-01   9.5562387000000004e-01   6.9650791999999995e-01   2.3785870000000001e-01
   1.1187499999999999e+00   1.9633120000000001e-01   9.5524160000000002e-01   6.9724748000000003e-01   2.3774186999999999e-01
   1.1250000000000000e+00   1.9633157000000001e-01   9.5447428999999995e-01   6.9872498999999999e-01   2.3750055000000000e-01
   1.1312500000000001e+00   1.9633134999999999e-01   9.5370608999999995e-01   7.0020104999999999e-01   2.3725758000000000e-01
   1.1343749999999999e+00   1.9633031000000001e-01   9.5332022999999999e-01   7.0093932000000003e-01   2.3713395000000001e-01
   1.1406250000000000e+00   1.9633041000000001e-01   9.5255416000000004e-01   7.0241421999999998e-01   2.3687680000000000e-01
   1.1437500000000000e+00   1.9633058000000000e-01   9.5217180000000001e-01   7.0315075999999999e-01   2.3674992000000000e-01
   1.1499999999999999e+00   1.9633092999999999e-01   9.5141454000000003e-01   7.0462285999999996e-01   2.3648983000000001e-01
   1.1562500000000000e+00   1.9633092999999999e-01   9.5065721000000003e-01   7.0609381000000004e-01   2.3622667000000000e-01
   1.1593750000000000e+00   1.9633211000000000e-01   9.5028117999999995e-01   7.0682767000000002e-01   2.3609387000000001e-01
   1.1656249999999999e+00   1.9633141000000001e-01   9.4951518999999995e-01   7.0829569000000003e-01   2.3582460999999999e-01
   1.1687500000000000e+00   1.9633178000000001e-01   9.4913389999999997e-01   7.0902858000000002e-01   2.3569088999999999e-01
   1.1750000000000000e+00   1.9633170999999999e-01   9.4837278999999997e-01   7.1049344999999997e-01   2.3542885999999999e-01
   1.1812499999999999e+00   1.9632957000000001e-01   9.4760924999999996e-01   7.1195834000000002e-01   2.3515585999999999e-01
   1.1843750000000000e+00   1.9633010000000001e-01   9.4723104000000002e-01   7.1269030000000000e-01   2.3501395999999999e-01
   1.1906250000000000e+00   1.9632989000000001e-01   9.4647740000000002e-01   7.1415205999999998e-01   2.3473804000000001e-01
   1.1937500000000001e+00   1.9633007000000000e-01   9.4610439000000002e-01   7.1488249999999998e-01   2.3459767000000001e-01
   1.2000000000000000e+00   1.9632995000000000e-01   9.4536429000000000e-01   7.1634160999999996e-01   2.3431618000000001e-01
   1.2062500000000000e+00   1.9633104000000001e-01   9.4462913000000004e-01   7.1779835000000003e-01   2.3402728000000000e-01
   1.2093750000000001e+00   1.9633101000000000e-01   9.4425820000000005e-01   7.1852565999999995e-01   2.3388273000000001e-01
   1.2156250000000000e+00   1.9633121000000001e-01   9.4351468999999999e-01   7.1997944000000003e-01   2.3358988999999999e-01
   1.2187500000000000e+00   1.9633153000000000e-01   9.4314434000000003e-01   7.2070537999999995e-01   2.3344712000000001e-01
   1.2250000000000001e+00   1.9633143000000000e-01   9.4240424000000000e-01   7.2215651000000003e-01   2.3315615000000001e-01
   1.2312500000000000e+00   1.9633049999999999e-01   9.4166342999999997e-01   7.2360782000000001e-01   2.3285380000000000e-01
   1.2343750000000000e+00   1.9633105000000001e-01   9.4129664000000002e-01   7.2433216000000000e-01   2.3270720000000000e-01
   1.2406250000000001e+00   1.9633076999999999e-01   9.4056335999999996e-01   7.2577902000000005e-01   2.3241766999999999e-01
   1.2437499999999999e+00   1.9633064000000000e-01   9.4020015000000001e-01   7.2650223000000003e-01   2.3226975000000000e-01
   1.2500000000000000e+00   1.9633063000000001e-01   9.3948452999999998e-01   7.2794650000000005e-01   2.3197731999999999e-01
   1.2562500000000001e+00   1.9633187999999999e-01   9.3877332999999996e-01   7.2938740000000002e-01   2.3167120999999999e-01
   1.2593749999999999e+00   1.9633159000000000e-01   9.3841474999999996e-01   7.3010704999999998e-01   2.3151809000000001e-01
   1.2656250000000000e+00   1.9633158000000001e-01   9.3769785000000005e-01   7.3154485000000002e-01   2.3121370999999999e-01
   1.2687500000000000e+00   1.9633107999999999e-01   9.3733878000000004e-01   7.3226360999999995e-01   2.3106083999999999e-01
   1.2749999999999999e+00   1.9633058000000000e-01   9.3662599000000002e-01   7.3370005000000005e-01   2.3075082000000000e-01
   1.2812500000000000e+00   1.9633070000000000e-01   9.3591981000000002e-01   7.3513523999999997e-01   2.3044460000000000e-01
   1.2843750000000000e+00   1.9633126000000001e-01   9.3557093999999996e-01   7.3585179999999994e-01   2.3029108000000001e-01
   1.2906249999999999e+00   1.9633065000000000e-01   9.3487978000000005e-01   7.3728490000000002e-01   2.2998093999999999e-01
   1.2937500000000000e+00   1.9633031000000001e-01   9.3453843999999997e-01   7.3800083999999999e-01   2.2982712999999999e-01
   1.3000000000000000e+00   1.9633096000000000e-01   9.3386654000000002e-01   7.3943013999999996e-01   2.2951192000000001e-01
   1.3062499999999999e+00   1.9633212999999999e-01   9.3319456000000001e-01   7.4085575999999997e-01   2.2919705000000001e-01
   1.3093750000000000e+00   1.9633118999999999e-01   9.3285200999999995e-01   7.4156809999999995e-01   2.2903941000000000e-01
   1.3156250000000000e+00   1.9633076999999999e-01   9.3217395999999997e-01   7.4299132000000001e-01   2.2871863000000001e-01
   1.3187500000000001e+00   1.9633017999999999e-01   9.3183463000000000e-01   7.4370298999999995e-01   2.2855286000000000e-01
   1.3250000000000000e+00   1.9632969000000000e-01   9.3116169000000004e-01   7.4512372999999998e-01   2.2822508000000000e-01
   1.3312500000000000e+00   1.9632999000000001e-01   9.3049767000000005e-01   7.4654317000000003e-01   2.2791001000000000e-01
   1.3343750000000001e+00   1.9633080000000000e-01   9.3017150999999998e-01   7.4725165000000005e-01   2.2775272999999999e-01
   1.3406250000000000e+00   1.9633064000000000e-01   9.2951808999999996e-01   7.4866790999999999e-01   2.2743594000000000e-01
   1.3437500000000000e+00   1.9633069000000000e-01   9.2919653000000002e-01   7.4937533999999995e-01   2.2727384000000000e-01
   1.3500000000000001e+00   1.9633149000000000e-01   9.2855478000000002e-01   7.5078822999999995e-01   2.2694946999999999e-01
   1.3562500000000000e+00   1.9633159000000000e-01   9.2791164000000004e-01   7.5219780999999997e-01   2.2663142000000000e-01
   1.3593750000000000e+00   1.9633128000000000e-01   9.2758934000000004e-01   7.5290217000000004e-01   2.2647371999999999e-01
   1.3656250000000001e+00   1.9633023999999999e-01   9.2694814000000003e-01   7.5431022000000003e-01   2.2615076000000001e-01
   1.3687499999999999e+00   1.9633133999999999e-01   9.2663346000000002e-01   7.5501297999999994e-01   2.2598847000000000e-01
   1.3750000000000000e+00   1.9633013999999999e-01   9.2600263999999999e-01   7.5641864999999997e-01   2.2566356000000001e-01
   1.3812500000000001e+00   1.9633132000000000e-01   9.2539326000000000e-01   7.5782148000000005e-01   2.2534225999999999e-01
   1.3843749999999999e+00   1.9633058000000000e-01   9.2509257000000000e-01   7.5852217000000000e-01   2.2518099999999999e-01
   1.3906250000000000e+00   1.9633049999999999e-01   9.2450262999999999e-01   7.5992181999999997e-01   2.2485301999999999e-01
   1.3937500000000000e+00   1.9633052000000001e-01   9.2420521000000000e-01   7.6062101000000004e-01   2.2468798000000001e-01
   1.3999999999999999e+00   1.9633179000000001e-01   9.2361331999999996e-01   7.6201638999999999e-01   2.2436513000000000e-01
   1.4062500000000000e+00   1.9633160999999999e-01   9.2301805999999997e-01   7.6340986000000000e-01   2.2403996000000001e-01
   1.4093750000000000e+00   1.9633169000000000e-01   9.2272323000000001e-01   7.6410626999999998e-01   2.2387947999999999e-01
   1.4156249999999999e+00   1.9633110000000001e-01   9.2213783999999999e-01   7.6549827000000004e-01   2.2356039000000000e-01
   1.4187500000000000e+00   1.9633146000000001e-01   9.2184865000000005e-01   7.6619309000000002e-01   2.2340204000000000e-01
   1.4250000000000000e+00   1.9633033999999999e-01   9.2127265000000003e-01   7.6758296999999998e-01   2.2308351000000001e-01
   1.4312499999999999e+00   1.9633091999999999e-01   9.2072273999999998e-01   7.6896935000000000e-01   2.2276952999999999e-01
   1.4343750000000000e+00   1.9633191999999999e-01   9.2045452999999999e-01   7.6966119000000000e-01   2.2260828999999999e-01
   1.4406250000000000e+00   1.9633116000000000e-01   9.1990861999999995e-01   7.7104455999999999e-01   2.2228336000000001e-01
   1.4437500000000001e+00   1.9633137000000001e-01   9.1963633000000000e-01   7.7173510999999995e-01   2.2212345000000000e-01
   1.4500000000000000e+00   1.9633289000000001e-01   9.1909870999999999e-01   7.7311255000000001e-01   2.2180378000000001e-01
   1.4562500000000000e+00   1.9633074000000000e-01   9.1856256000000003e-01   7.7449091000000003e-01   2.2147910000000001e-01
   1.4593750000000001e+00   1.9633086000000000e-01   9.1830263000000001e-01   7.7517933000000006e-01   2.2131939000000000e-01
   1.4656250000000000e+00   1.9632996000000000e-01   9.1778705000000005e-01   7.7655598000000003e-01   2.2098928000000001e-01
   1.4687500000000000e+00   1.9632978000000001e-01   9.1753359000000001e-01   7.7724420999999999e-01   2.2081996000000001e-01
   1.4750000000000001e+00   1.9633060999999999e-01   9.1704503000000004e-01   7.7861773000000001e-01   2.2048398999999999e-01
   1.4812500000000000e+00   1.9633116000000000e-01   9.1655376000000000e-01   7.7998785999999998e-01   2.2015847000000000e-01
   1.4843750000000000e+00   1.9633060999999999e-01   9.1630235000000004e-01   7.8067266000000002e-01   2.1999502000000001e-01
   1.4906250000000001e+00   1.9633084000000001e-01   9.1580499000000004e-01   7.8204037999999998e-01   2.1967297999999999e-01
   1.4937499999999999e+00   1.9633222000000000e-01   9.1556095999999998e-01   7.8272235999999995e-01   2.1951629000000000e-01
   1.5000000000000000e+00   1.9633116000000000e-01   9.1507090999999996e-01   7.8408591000000005e-01   2.1920630999999999e-01
   1.5062500000000001e+00   1.9633170999999999e-01   9.1459800000000002e-01   7.8544711000000000e-01   2.1889861999999999e-01
   1.5093749999999999e+00   1.9633049999999999e-01   9.1436715000000002e-01   7.8612749000000004e-01   2.1874394999999999e-01
   1.5156250000000000e+00   1.9633063000000001e-01   9.1392401000000001e-01   7.8748684000000002e-01   2.1841841000000001e-01
   1.5187500000000000e+00   1.9633038999999999e-01   9.1369838000000003e-01   7.8816617000000000e-01   2.1825457000000001e-01
   1.5249999999999999e+00   1.9633175999999999e-01   9.1325286999999999e-01   7.8952188999999995e-01   2.1794246000000000e-01
   1.5312500000000000e+00   1.9633123999999999e-01   9.1280669000000003e-01   7.9087591999999995e-01   2.1762913000000000e-01
   1.5343750000000000e+00   1.9633107999999999e-01   9.1258923000000003e-01   7.9155253999999997e-01   2.1747400000000000e-01
   1.5406249999999999e+00   1.9633158000000001e-01   9.1216534000000005e-01   7.9290446000000003e-01   2.1716255000000001e-01
   1.5437500000000000e+00   1.9633044999999999e-01   9.1195526999999998e-01   7.9357997999999996e-01   2.1700593000000001e-01
   1.5500000000000000e+00   1.9633107000000000e-01   9.1155602999999996e-01   7.9492892999999998e-01   2.1669511000000000e-01
   1.5562499999999999e+00   1.9633113999999999e-01   9.1116905999999998e-01   7.9627475999999997e-01   2.1638086000000001e-01
   1.5593750000000000e+00   1.9633137000000001e-01   9.1097238000000003e-01   7.9694697999999997e-01   2.1622110999999999e-01
   1.5656250000000000e+00   1.9633012999999999e-01   9.1057220000000005e-01   7.9829119000000004e-01   2.1589980000000000e-01
   1.5687500000000001e+00   1.9633065999999999e-01   9.1037387000000003e-01   7.9896233999999999e-01   2.1574033000000001e-01
   1.5750000000000000e+00   1.9633038000000000e-01   9.0998157999999996e-01   8.0030235999999999e-01   2.1542921000000001e-01
   1.5812500000000000e+00   1.9633168000000001e-01   9.0960439000000004e-01   8.0164069000000004e-01   2.1512211000000001e-01
   1.5843750000000001e+00   1.9633083000000001e-01   9.0941936999999995e-01   8.0230942999999999e-01   2.1497103000000001e-01
   1.5906250000000000e+00   1.9633137000000001e-01   9.0907006999999995e-01   8.0364462999999997e-01   2.1467082000000001e-01
   1.5937500000000000e+00   1.9633129999999999e-01   9.0889297999999996e-01   8.0431185999999999e-01   2.1451666999999999e-01
   1.6000000000000001e+00   1.9633286000000000e-01   9.0854330000000005e-01   8.0564323000000004e-01   2.1421480000000001e-01
   1.6062500000000000e+00   1.9633132000000000e-01   9.0819470000000002e-01   8.0697346999999997e-01   2.1391303000000000e-01
   1.6093750000000000e+00   1.9633133999999999e-01   9.0802914000000001e-01   8.0763847000000000e-01   2.1376241000000001e-01
   1.6156250000000001e+00   1.9633136000000001e-01   9.0770552999999998e-01   8.0896710999999999e-01   2.1347737000000000e-01
   1.6187499999999999e+00   1.9632986999999999e-01   9.0754533000000004e-01   8.0963152999999999e-01   2.1332725000000000e-01
   1.6250000000000000e+00   1.9633109000000001e-01   9.0725385999999997e-01   8.1095797999999997e-01   2.1302567000000000e-01
   1.6312500000000001e+00   1.9633116000000000e-01   9.0696405000000002e-01   8.1228144999999996e-01   2.1272316999999999e-01
   1.6343749999999999e+00   1.9633175999999999e-01   9.0681845000000005e-01   8.1294222000000005e-01   2.1257321000000001e-01
   1.6406250000000000e+00   1.9633085000000000e-01   9.0651988999999999e-01   8.1426299000000002e-01   2.1228329000000001e-01
   1.6437500000000000e+00   1.9633216000000001e-01   9.0637703000000003e-01   8.1492191000000003e-01   2.1214104000000000e-01
   1.6499999999999999e+00   1.9633088000000001e-01   9.0608750999999998e-01   8.1623933000000004e-01   2.1185081000000000e-01
   1.6562500000000000e+00   1.9633199000000001e-01   9.0582485000000001e-01   8.1755496999999999e-01   2.1155868999999999e-01
   1.6593750000000000e+00   1.9633207999999999e-01   9.0570017000000003e-01   8.1821197000000001e-01   2.1141173999999999e-01
   1.6656249999999999e+00   1.9633170000000000e-01   9.0544371000000001e-01   8.1952541000000001e-01   2.1110661000000000e-01
   1.6687500000000000e+00   1.9633080999999999e-01   9.0531209999999995e-01   8.2018214000000000e-01   2.1095514000000001e-01
   1.6750000000000000e+00   1.9633223000000000e-01   9.0505424000000001e-01   8.2149282000000001e-01   2.1065893999999999e-01
   1.6812499999999999e+00   1.9633047000000001e-01   9.0479483999999999e-01   8.2280281000000000e-01   2.1037068000000000e-01
   1.6843750000000000e+00   1.9633120000000001e-01   9.0467452999999998e-01   8.2345657000000005e-01   2.1022892000000001e-01
   1.6906250000000000e+00   1.9633096000000000e-01   9.0445288999999995e-01   8.2476254999999998e-01   2.0993954000000001e-01
   1.6937500000000001e+00   1.9633115000000001e-01   9.0434988000000005e-01   8.2541485999999997e-01   2.0979244999999999e-01
   1.7000000000000000e+00   1.9633205000000001e-01   9.0413555000000001e-01   8.2671775999999997e-01   2.0949656999999999e-01
   1.7062500000000000e+00   1.9633164000000000e-01   9.0391186000000001e-01   8.2801749999999996e-01   2.0921891000000001e-01
   1.7093750000000001e+00   1.9633101999999999e-01   9.0380344999999995e-01   8.2866757999999996e-01   2.0908173999999999e-01
   1.7156250000000000e+00   1.9633141000000001e-01   9.0359604999999998e-01   8.2996616999999995e-01   2.0880771000000001e-01
   1.7187500000000000e+00   1.9633180000000000e-01   9.0349718000000001e-01   8.3061474999999996e-01   2.0867126999999999e-01
   1.7250000000000001e+00   1.9633116000000000e-01   9.0330854999999999e-01   8.3191212000000003e-01   2.0838807000000001e-01
   1.7312500000000000e+00   1.9633171999999999e-01   9.0313228000000001e-01   8.3320722999999997e-01   2.0810987000000000e-01
   1.7343750000000000e+00   1.9633152000000001e-01   9.0304191000000000e-01   8.3385405000000001e-01   2.0797731999999999e-01
   1.7406250000000001e+00   1.9633231000000001e-01   9.0286655000000005e-01   8.3514575000000002e-01   2.0771754000000001e-01
   1.7437499999999999e+00   1.9633183000000001e-01   9.0277724999999998e-01   8.3579104999999998e-01   2.0758809000000000e-01
   1.7500000000000000e+00   1.9633032000000000e-01   9.0261659000000005e-01   8.3708097000000004e-01   2.0732676999999999e-01
   1.7562500000000001e+00   1.9633147000000001e-01   9.0248503000000002e-01   8.3836909999999998e-01   2.0706632999999999e-01
   1.7593749999999999e+00   1.9633202999999999e-01   9.0242993000000005e-01   8.3901192000000002e-01   2.0693286999999999e-01
   1.7656250000000000e+00   1.9633146000000001e-01   9.0230275000000004e-01   8.4029664999999998e-01   2.0666930999999999e-01
   1.7687500000000000e+00   1.9633160000000000e-01   9.0223697000000003e-01   8.4093841000000003e-01   2.0654074000000000e-01
   1.7749999999999999e+00   1.9633338000000000e-01   9.0211025000000000e-01   8.4221964000000005e-01   2.0629480000000000e-01
   1.7812500000000000e+00   1.9633121000000001e-01   9.0197980000000000e-01   8.4350212999999996e-01   2.0603590999999999e-01
   1.7843750000000000e+00   1.9633104000000001e-01   9.0192205999999997e-01   8.4414274000000000e-01   2.0590712999999999e-01
   1.7906249999999999e+00   1.9633196999999999e-01   9.0183687000000001e-01   8.4542183000000004e-01   2.0565096999999999e-01
   1.7937500000000000e+00   1.9633163000000001e-01   9.0179092999999999e-01   8.4606106999999997e-01   2.0552174000000001e-01
   1.8000000000000000e+00   1.9633157000000001e-01   9.0169697999999998e-01   8.4733802999999996e-01   2.0527733000000001e-01
   1.8062499999999999e+00   1.9633143000000000e-01   9.0160585000000004e-01   8.4861266999999996e-01   2.0503898000000001e-01
   1.8093750000000000e+00   1.9633155999999999e-01   9.0156307000000002e-01   8.4924970000000000e-01   2.0491559000000001e-01
   1.8156250000000000e+00   1.9633118999999999e-01   9.0149471999999997e-01   8.5052247999999997e-01   2.0466577999999999e-01
   1.8187500000000001e+00   1.9633231000000001e-01   9.0147566999999995e-01   8.5115784999999999e-01   2.0453815000000000e-01
   1.8250000000000000e+00   1.9633122000000000e-01   9.0142031000000000e-01   8.5242850000000003e-01   2.0428593000000000e-01
   1.8312500000000000e+00   1.9633150999999999e-01   9.0135969999999999e-01   8.5369715000000002e-01   2.0403973000000000e-01
   1.8343750000000001e+00   1.9633042000000001e-01   9.0132575000000004e-01   8.5433154000000000e-01   2.0391300000000001e-01
   1.8406250000000000e+00   1.9633086000000000e-01   9.0126801000000001e-01   8.5559905999999997e-01   2.0366703000000000e-01
   1.8437500000000000e+00   1.9633147000000001e-01   9.0125113999999995e-01   8.5623168000000005e-01   2.0354854000000000e-01
   1.8500000000000001e+00   1.9633169000000000e-01   9.0121386999999997e-01   8.5749618000000005e-01   2.0330786000000001e-01
   1.8562500000000000e+00   1.9633215000000001e-01   9.0117760999999996e-01   8.5875937000000002e-01   2.0307153000000000e-01
   1.8593750000000000e+00   1.9633312999999999e-01   9.0115891000000004e-01   8.5938966000000006e-01   2.0295294000000000e-01
   1.8656250000000001e+00   1.9633073000000001e-01   9.0112115000000004e-01   8.6065181999999996e-01   2.0271670000000000e-01
   1.8687499999999999e+00   1.9633152000000001e-01   9.0111079999999999e-01   8.6128157000000005e-01   2.0260684000000001e-01
   1.8750000000000000e+00   1.9633123000000000e-01   9.0109592999999999e-01   8.6254072000000004e-01   2.0238365999999999e-01
   1.8812500000000001e+00   1.9633126000000001e-01   9.0110414999999999e-01   8.6379815000000004e-01   2.0215685999999999e-01
   1.8843749999999999e+00   1.9633174000000000e-01   9.0110877000000000e-01   8.6442596999999999e-01   2.0204588000000001e-01
   1.8906250000000000e+00   1.9633049000000000e-01   9.0110252000000002e-01   8.6568100000000003e-01   2.0182100000000000e-01
   1.8937500000000000e+00   1.9633081999999999e-01   9.0110438999999998e-01   8.6630823999999995e-01   2.0171021000000000e-01
   1.8999999999999999e+00   1.9633107999999999e-01   9.0111048999999999e-01   8.6756135000000001e-01   2.0149818999999999e-01
   1.9062500000000000e+00   1.9633138000000000e-01   9.0113049999999995e-01   8.6881324999999998e-01   2.0128549000000001e-01
   1.9093750000000000e+00   1.9633148000000000e-01   9.0114912000000003e-01   8.6943873000000005e-01   2.0117980999999999e-01
   1.9156249999999999e+00   1.9633243000000000e-01   9.0117793999999996e-01   8.7068798000000003e-01   2.0097213000000000e-01
   1.9187500000000000e+00   1.9633207999999999e-01   9.0118832000000004e-01   8.7131245000000002e-01   2.0086873000000000e-01
   1.9250000000000000e+00   1.9633191000000000e-01   9.0121390999999995e-01   8.7256069999999997e-01   2.0066468000000001e-01
   1.9312499999999999e+00   1.9633112000000000e-01   9.0125672999999995e-01   8.7380807000000005e-01   2.0046637000000000e-01
   1.9343750000000000e+00   1.9633133999999999e-01   9.0128945999999999e-01   8.7443117999999997e-01   2.0036892000000001e-01
   1.9406250000000000e+00   1.9633303999999999e-01   9.0137318000000000e-01   8.7567525000000002e-01   2.0016629999999999e-01
   1.9437500000000001e+00   1.9633180000000000e-01   9.0139696999999996e-01   8.7629732000000005e-01   2.0006742999999999e-01
   1.9500000000000000e+00   1.9633162000000001e-01   9.0145039000000005e-01   8.7754054000000004e-01   1.9987367000000000e-01
   1.9562500000000000e+00   1.9633139999999999e-01   9.0150357000000003e-01   8.7878197999999996e-01   1.9968105000000000e-01
   1.9593750000000001e+00   1.9633074000000000e-01   9.0153304000000001e-01   8.7940269000000004e-01   1.9958305000000001e-01
   1.9656250000000000e+00   1.9633189000000001e-01   9.0162235999999996e-01   8.8064222999999997e-01   1.9939509999999999e-01
   1.9687500000000000e+00   1.9633287999999999e-01   9.0166482000000003e-01   8.8126092000000000e-01   1.9930191999999999e-01
   1.9750000000000001e+00   1.9633227000000000e-01   9.0173323999999999e-01   8.8249891999999996e-01   1.9911566000000000e-01
   1.9812500000000000e+00   1.9633239999999999e-01   9.0180594999999997e-01   8.8373562000000006e-01   1.9893601000000000e-01
   1.9843750000000000e+00   1.9633086000000000e-01   9.0184355000000005e-01   8.8435447000000000e-01   1.9884154000000001e-01
   1.9906250000000001e+00   1.9633191000000000e-01   9.0194938999999996e-01   8.8559067000000002e-01   1.9865210999999999e-01
   1.9937499999999999e+00   1.9633257000000001e-01   9.0201182000000002e-01   8.8620763999999996e-01   1.9856383999999999e-01
   2.0000000000000000e+00   1.9633250999999999e-01   9.0211432000000003e-01   8.8744069000000003e-01   1.9839002000000000e-01
   2.0062500000000001e+00   1.9633366999999999e-01   9.0220931000000004e-01   8.8867216999999998e-01   1.9822103999999999e-01
   2.0093749999999999e+00   1.9633233999999999e-01   9.0225126000000000e-01   8.8928790999999996e-01   1.9813755999999999e-01
   2.0156250000000000e+00   1.9633150999999999e-01   9.0235235999999996e-01   8.9051946999999998e-01   1.9796122999999999e-01
   2.0187499999999998e+00   1.9633144000000000e-01   9.0241375000000001e-01   8.9113460000000000e-01   1.9787560000000001e-01
   2.0249999999999999e+00   1.9633186000000000e-01   9.0253011999999999e-01   8.9236349000000004e-01   1.9770442999999999e-01
   2.0312500000000000e+00   1.9633232000000000e-01   9.0263499000000003e-01   8.9359153000000002e-01   1.9754041999999999e-01
   2.0343749999999998e+00   1.9633237000000001e-01   9.0268610000000005e-01   8.9420498000000004e-01   1.9746187000000001e-01
   2.0406249999999999e+00   1.9633059000000000e-01   9.0279482000000000e-01   8.9543231999999995e-01   1.9729864999999999e-01
   2.0437500000000002e+00   1.9633170999999999e-01   9.0286604999999998e-01   8.9604541000000004e-01   1.9721637000000000e-01
   2.0499999999999998e+00   1.9633263000000001e-01   9.0301918000000003e-01   8.9727060999999997e-01   1.9705139999999999e-01
   2.0562499999999999e+00   1.9633231000000001e-01   9.0314601999999999e-01   8.9849535999999997e-01   1.9689150000000000e-01
   2.0593750000000002e+00   1.9633241000000001e-01   9.0320725999999996e-01   8.9910712999999998e-01   1.9681889000000000e-01
   2.0656249999999998e+00   1.9633339999999999e-01   9.0333145999999997e-01   9.0032838999999998e-01   1.9667667999999999e-01
   2.0687500000000001e+00   1.9633206000000000e-01   9.0339139000000002e-01   9.0093955000000003e-01   1.9660374000000000e-01
   2.0750000000000002e+00   1.9633178000000001e-01   9.0354420000000002e-01   9.0216121000000005e-01   1.9645575000000001e-01
   2.0812499999999998e+00   1.9633158000000001e-01   9.0368459000000001e-01   9.0338143000000004e-01   1.9630850000000000e-01
   2.0843750000000001e+00   1.9633175999999999e-01   9.0375083000000000e-01   9.0399141999999999e-01   1.9623456000000000e-01
   2.0906250000000002e+00   1.9633243000000000e-01   9.0388654000000002e-01   9.0521010000000002e-01   1.9609043000000001e-01
   2.0937500000000000e+00   1.9633168000000001e-01   9.0395230999999998e-01   9.0581953999999998e-01   1.9601799000000000e-01
   2.1000000000000001e+00   1.9633137000000001e-01   9.0411388999999998e-01   9.0703831000000001e-01   1.9588035000000001e-01
   2.1062500000000002e+00   1.9633197999999999e-01   9.0428109999999995e-01   9.0825531000000004e-01   1.9574227999999999e-01
   2.1093750000000000e+00   1.9633184000000001e-01   9.0435487999999997e-01   9.0886365000000002e-01   1.9567233000000001e-01
   2.1156250000000001e+00   1.9633360999999999e-01   9.0450459999999999e-01   9.1007874000000000e-01   1.9554038000000001e-01
   2.1187499999999999e+00   1.9633278000000001e-01   9.0457383999999996e-01   9.1068614999999997e-01   1.9547638000000001e-01
   2.1250000000000000e+00   1.9633237000000001e-01   9.0473009999999998e-01   9.1190064999999998e-01   1.9534544000000001e-01
   2.1312500000000001e+00   1.9633239999999999e-01   9.0490126999999998e-01   9.1311458999999995e-01   1.9522481000000000e-01
   2.1343749999999999e+00   1.9633259000000000e-01   9.0498204000000004e-01   9.1372091000000000e-01   1.9516673000000001e-01
   2.1406250000000000e+00   1.9633231000000001e-01   9.0513354000000001e-01   9.1493367999999997e-01   1.9504783000000001e-01
   2.1437499999999998e+00   1.9633306000000000e-01   9.0521328000000001e-01   9.1553923000000004e-01   1.9498610999999999e-01
   2.1499999999999999e+00   1.9633147000000001e-01   9.0537073000000001e-01   9.1675130999999999e-01   1.9486123000000000e-01
   2.1562500000000000e+00   1.9633138000000000e-01   9.0555825000000001e-01   9.1796268000000003e-01   1.9473605999999999e-01
   2.1593749999999998e+00   1.9633199000000001e-01   9.0564935999999996e-01   9.1856757000000000e-01   1.9467706000000001e-01
   2.1656249999999999e+00   1.9633128999999999e-01   9.0581243000000000e-01   9.1977777000000005e-01   1.9456876000000001e-01
   2.1687500000000002e+00   1.9633237000000001e-01   9.0589447999999995e-01   9.2038211000000003e-01   1.9451693000000000e-01
   2.1749999999999998e+00   1.9633233999999999e-01   9.0605422000000002e-01   9.2159033000000001e-01   1.9441059999999999e-01
   2.1812499999999999e+00   1.9633200000000001e-01   9.0623745000000000e-01   9.2279836000000004e-01   1.9430347000000001e-01
   2.1843750000000002e+00   1.9633244999999999e-01   9.0632915999999997e-01   9.2340204999999997e-01   1.9425026000000001e-01
   2.1906249999999998e+00   1.9633252000000001e-01   9.0650063999999997e-01   9.2460927999999998e-01   1.9414263000000001e-01
   2.1937500000000001e+00   1.9633201000000000e-01   9.0658205000000003e-01   9.2521291999999999e-01   1.9409683000000000e-01
   2.2000000000000002e+00   1.9633199000000001e-01   9.0674986999999996e-01   9.2641857999999999e-01   1.9400471000000000e-01
   2.2062499999999998e+00   1.9633149000000000e-01   9.0693615000000005e-01   9.2762491999999996e-01   1.9390994000000000e-01
   2.2093750000000001e+00   1.9633170999999999e-01   9.0703878000000004e-01   9.2822764000000002e-01   1.9386262000000001e-01
   2.2156250000000002e+00   1.9633225000000001e-01   9.0722650999999999e-01   9.2943222999999997e-01   1.9376486000000001e-01
   2.2187500000000000e+00   1.9633199000000001e-01   9.0731256000000005e-01   9.3003435999999995e-01   1.9371682000000001e-01
   2.2250000000000001e+00   1.9633222000000000e-01   9.0748271999999996e-01   9.3123772000000005e-01   1.9362730000000000e-01
   2.2312500000000002e+00   1.9633134999999999e-01   9.0765976999999998e-01   9.3244117000000004e-01   1.9354383000000000e-01
   2.2343750000000000e+00   1.9633133000000000e-01   9.0775826999999998e-01   9.3304282999999999e-01   1.9350415000000001e-01
   2.2406250000000001e+00   1.9633202999999999e-01   9.0794432999999997e-01   9.3424549999999995e-01   1.9342535000000000e-01
   2.2437499999999999e+00   1.9633241000000001e-01   9.0803279999999997e-01   9.3484641000000002e-01   1.9338452000000000e-01
   2.2500000000000000e+00   1.9633275000000000e-01   9.0820606000000004e-01   9.3604799000000005e-01   1.9330151000000001e-01
   2.2562500000000001e+00   1.9633232000000000e-01   9.0838293000000003e-01   9.3724965000000005e-01   1.9321757000000001e-01
   2.2593749999999999e+00   1.9633149000000000e-01   9.0848224000000000e-01   9.3785065000000001e-01   1.9318056000000000e-01
   2.2656250000000000e+00   1.9633202999999999e-01   9.0868861999999995e-01   9.3905161999999998e-01   1.9310985000000000e-01
   2.2687499999999998e+00   1.9633237000000001e-01   9.0878281000000005e-01   9.3965160999999997e-01   1.9307627999999999e-01
   2.2749999999999999e+00   1.9633260000000000e-01   9.0896220000000005e-01   9.4085154999999998e-01   1.9301025999999999e-01
   2.2812500000000000e+00   1.9633160000000000e-01   9.0913432000000005e-01   9.4205116000000000e-01   1.9294525000000001e-01
   2.2843749999999998e+00   1.9633254999999999e-01   9.0923083000000005e-01   9.4265043999999998e-01   1.9290821999999999e-01
   2.2906249999999999e+00   1.9633180000000000e-01   9.0942575000000003e-01   9.4384973999999999e-01   1.9284096000000001e-01
   2.2937500000000002e+00   1.9633215000000001e-01   9.0951917999999998e-01   9.4444872000000002e-01   1.9281324000000000e-01
   2.2999999999999998e+00   1.9633253000000001e-01   9.0969823000000005e-01   9.4564641999999999e-01   1.9275579000000001e-01
   2.3062499999999999e+00   1.9633122000000000e-01   9.0986913000000003e-01   9.4684502999999998e-01   1.9269882999999999e-01
   2.3093750000000002e+00   1.9633052000000001e-01   9.0996012999999998e-01   9.4744483999999995e-01   1.9266862000000001e-01
   2.3156249999999998e+00   1.9633179000000001e-01   9.1016918999999996e-01   9.4864320999999996e-01   1.9260820000000001e-01
   2.3187500000000001e+00   1.9633196999999999e-01   9.1026881999999998e-01   9.4924222000000003e-01   1.9257656000000001e-01
   2.3250000000000002e+00   1.9633327000000000e-01   9.1045668000000002e-01   9.5043886000000000e-01   1.9252581999999999e-01
   2.3312499999999998e+00   1.9633231000000001e-01   9.1062905999999999e-01   9.5163540000000002e-01   1.9248327000000001e-01
   2.3343750000000001e+00   1.9633170999999999e-01   9.1071771999999995e-01   9.5223387999999998e-01   1.9246266000000001e-01
   2.3406250000000002e+00   1.9633276000000000e-01   9.1091021999999999e-01   9.5342998000000001e-01   1.9241660999999999e-01
   2.3437500000000000e+00   1.9633233999999999e-01   9.1100395000000001e-01   9.5402803000000003e-01   1.9239376999999999e-01
   2.3500000000000001e+00   1.9633297000000000e-01   9.1118566000000001e-01   9.5522355999999997e-01   1.9235580999999999e-01
   2.3562500000000002e+00   1.9633181999999999e-01   9.1135474000000005e-01   9.5641852000000005e-01   1.9231772000000000e-01
   2.3593750000000000e+00   1.9633096000000000e-01   9.1144203000000001e-01   9.5701665000000002e-01   1.9229788000000000e-01
   2.3656250000000001e+00   1.9633086000000000e-01   9.1163019000000001e-01   9.5821283000000002e-01   1.9225823000000000e-01
   2.3687499999999999e+00   1.9633223000000000e-01   9.1173413000000003e-01   9.5881013999999998e-01   1.9223720000000000e-01
   2.3750000000000000e+00   1.9633153000000000e-01   9.1191728000000005e-01   9.6000563000000005e-01   1.9219533999999999e-01
   2.3812500000000001e+00   1.9633262000000001e-01   9.1209372000000000e-01   9.6120024000000004e-01   1.9216949999999999e-01
   2.3843749999999999e+00   1.9633163000000001e-01   9.1217826000000002e-01   9.6179811000000004e-01   1.9215561000000000e-01
   2.3906250000000000e+00   1.9633225000000001e-01   9.1235606000000002e-01   9.6299341000000005e-01   1.9212581000000001e-01
   2.3937499999999998e+00   1.9633254999999999e-01   9.1244868999999995e-01   9.6359052999999995e-01   1.9211286999999999e-01
   2.3999999999999999e+00   1.9633236000000001e-01   9.1262620000000005e-01   9.6478430999999998e-01   1.9208623999999999e-01
   2.4062500000000000e+00   1.9633270999999999e-01   9.1279798999999995e-01   9.6597820999999995e-01   1.9206284000000001e-01
   2.4093749999999998e+00   1.9633254999999999e-01   9.1288334000000004e-01   9.6657497999999997e-01   1.9205515000000001e-01
   2.4156249999999999e+00   1.9633100000000001e-01   9.1305190999999997e-01   9.6776976999999997e-01   1.9203624999999999e-01
   2.4187500000000002e+00   1.9633170999999999e-01   9.1314357000000002e-01   9.6836683000000001e-01   1.9202715000000001e-01
   2.4249999999999998e+00   1.9633201000000000e-01   9.1332818999999998e-01   9.6956067000000001e-01   1.9200291000000000e-01
   2.4312499999999999e+00   1.9633196999999999e-01   9.1349988000000004e-01   9.7075392000000005e-01   1.9198103000000000e-01
   2.4343750000000002e+00   1.9633210000000001e-01   9.1358282999999996e-01   9.7135059000000001e-01   1.9197032000000000e-01
   2.4406249999999998e+00   1.9633169000000000e-01   9.1374666999999998e-01   9.7254448000000004e-01   1.9195835000000000e-01
   2.4437500000000001e+00   1.9633155999999999e-01   9.1383113999999999e-01   9.7314149999999999e-01   1.9195516000000001e-01
   2.4500000000000002e+00   1.9633232000000000e-01   9.1400139000000002e-01   9.7433499000000001e-01   1.9194670999999999e-01
   2.4562499999999998e+00   1.9633205000000001e-01   9.1416481999999999e-01   9.7552863999999995e-01   1.9193492000000001e-01
   2.4593750000000001e+00   1.9633260000000000e-01   9.1424609000000001e-01   9.7612544000000001e-01   1.9192859000000001e-01
   2.4656250000000002e+00   1.9633212000000000e-01   9.1440299000000003e-01   9.7731878000000005e-01   1.9192213000000000e-01
   2.4687500000000000e+00   1.9633155999999999e-01   9.1448200999999996e-01   9.7791578000000001e-01   1.9192012000000000e-01
   2.4750000000000001e+00   1.9633167000000001e-01   9.1464909000000005e-01   9.7910933000000000e-01   1.9191768000000001e-01
   2.4812500000000002e+00   1.9633206000000000e-01   9.1481869000000005e-01   9.8030273000000001e-01   1.9191296999999999e-01
   2.4843750000000000e+00   1.9633258000000001e-01   9.1490053999999998e-01   9.8089906999999998e-01   1.9191100999999999e-01
   2.4906250000000001e+00   1.9633191000000000e-01   9.1505263000000003e-01   9.8209234999999995e-01   1.9190803000000001e-01
   2.4937499999999999e+00   1.9633153000000000e-01   9.1512713000000001e-01   9.8268917000000000e-01   1.9190804000000000e-01
   2.5000000000000000e+00   1.9633150999999999e-01   9.1527720000000001e-01   9.8388222999999997e-01   1.9190958000000000e-01
   2.5062500000000001e+00   1.9633157000000001e-01   9.1543571999999995e-01   9.8507542999999997e-01   1.9191453999999999e-01
   2.5093749999999999e+00   1.9633218999999999e-01   9.1551475000000004e-01   9.8567178000000000e-01   1.9191974000000001e-01
   2.5156250000000000e+00   1.9633212999999999e-01   9.1566272999999998e-01   9.8686488000000006e-01   1.9192397999999999e-01
   2.5187499999999998e+00   1.9633189000000001e-01   9.1573263999999999e-01   9.8746191000000005e-01   1.9192592000000000e-01
   2.5249999999999999e+00   1.9633181999999999e-01   9.1587489000000000e-01   9.8865616000000001e-01   1.9193188000000000e-01
   2.5312500000000000e+00   1.9633121000000001e-01   9.1602578999999995e-01   9.8985060999999996e-01   1.9194148999999999e-01
   2.5343749999999998e+00   1.9633136000000001e-01   9.1610426000000000e-01   9.9044783999999997e-01   1.9194379000000000e-01
   2.5406249999999999e+00   1.9633253000000001e-01   9.1625204000000005e-01   9.9164112000000004e-01   1.9195381000000000e-01
   2.5437500000000002e+00   1.9633226000000001e-01   9.1632079000000000e-01   9.9223786000000003e-01   1.9195959000000001e-01
   2.5499999999999998e+00   1.9633239999999999e-01   9.1645502999999995e-01   9.9343170999999997e-01   1.9197216000000000e-01
   2.5562499999999999e+00   1.9633181000000000e-01   9.1658748999999995e-01   9.9462583999999998e-01   1.9198750000000001e-01
   2.5593750000000002e+00   1.9633202000000000e-01   9.1665832999999997e-01   9.9522263000000000e-01   1.9199434000000001e-01
   2.5656249999999998e+00   1.9633210000000001e-01   9.1679699999999997e-01   9.9641612000000002e-01   1.9201065000000000e-01
   2.5687500000000001e+00   1.9633300000000001e-01   9.1686425999999999e-01   9.9701234000000005e-01   1.9202021999999999e-01
   2.5750000000000002e+00   1.9633134999999999e-01   9.1698798999999998e-01   9.9820653999999998e-01   1.9203661999999999e-01
   2.5812499999999998e+00   1.9633169000000000e-01   9.1711282999999999e-01   9.9940114999999996e-01   1.9205446000000001e-01
   2.5843750000000001e+00   1.9633128999999999e-01   9.1717504000000005e-01   9.9999879000000003e-01   1.9206189000000001e-01
   2.5906250000000002e+00   1.9633153000000000e-01   9.1731006000000004e-01   1.0011941200000001e+00   1.9207377000000000e-01
   2.5937500000000000e+00   1.9633205000000001e-01   9.1737756000000004e-01   1.0017917500000000e+00   1.9208236000000001e-01
   2.6000000000000001e+00   1.9633179000000001e-01   9.1749776999999999e-01   1.0029868500000001e+00   1.9210775999999999e-01
   2.6062500000000002e+00   1.9633134999999999e-01   9.1761322000000001e-01   1.0041820800000001e+00   1.9213124000000001e-01
   2.6093750000000000e+00   1.9633152000000001e-01   9.1767100000000001e-01   1.0047797700000001e+00   1.9214327000000000e-01
   2.6156250000000001e+00   1.9633223000000000e-01   9.1778685000000004e-01   1.0059746300000001e+00   1.9216939000000000e-01
   2.6187499999999999e+00   1.9633249999999999e-01   9.1784778000000000e-01   1.0065718699999999e+00   1.9217882000000000e-01
   2.6250000000000000e+00   1.9633229999999999e-01   9.1796467999999998e-01   1.0077669499999999e+00   1.9219892999999999e-01
   2.6312500000000001e+00   1.9633138000000000e-01   9.1807064000000005e-01   1.0089619800000000e+00   1.9222719999999999e-01
   2.6343749999999999e+00   1.9633104000000001e-01   9.1812294000000005e-01   1.0095598500000000e+00   1.9224116999999999e-01
   2.6406250000000000e+00   1.9633106000000000e-01   9.1822672000000005e-01   1.0107557199999999e+00   1.9226765000000001e-01
   2.6437499999999998e+00   1.9633099000000001e-01   9.1827932999999995e-01   1.0113538000000000e+00   1.9227981000000000e-01
   2.6499999999999999e+00   1.9633154999999999e-01   9.1839621000000005e-01   1.0125498100000001e+00   1.9229824000000001e-01
   2.6562500000000000e+00   1.9633099000000001e-01   9.1849857000000001e-01   1.0137470399999999e+00   1.9232325000000000e-01
   2.6593749999999998e+00   1.9633136000000001e-01   9.1854773999999995e-01   1.0143456300000000e+00   1.9233970000000000e-01
   2.6656249999999999e+00   1.9633191000000000e-01   9.1864108000000000e-01   1.0155425600000001e+00   1.9237182999999999e-01
   2.6687500000000002e+00   1.9633129999999999e-01   9.1868216000000003e-01   1.0161412299999999e+00   1.9238897999999999e-01
   2.6749999999999998e+00   1.9633276000000000e-01   9.1877867000000002e-01   1.0173377400000001e+00   1.9242149000000000e-01
   2.6812499999999999e+00   1.9633110000000001e-01   9.1887315999999997e-01   1.0185346399999999e+00   1.9244913000000000e-01
   2.6843750000000002e+00   1.9633152000000001e-01   9.1892061000000003e-01   1.0191332000000000e+00   1.9246268999999999e-01
   2.6906249999999998e+00   1.9633138000000000e-01   9.1900588000000005e-01   1.0203303200000000e+00   1.9250028000000000e-01
   2.6937500000000001e+00   1.9633137000000001e-01   9.1904686999999996e-01   1.0209288400000001e+00   1.9251794999999999e-01
   2.7000000000000002e+00   1.9633020000000001e-01   9.1912362000000003e-01   1.0221265100000001e+00   1.9254773000000000e-01
   2.7062499999999998e+00   1.9633158000000001e-01   9.1921655000000002e-01   1.0233240100000001e+00   1.9257751000000001e-01
   2.7093750000000001e+00   1.9633089000000001e-01   9.1925959000000002e-01   1.0239231099999999e+00   1.9259072999999999e-01
   2.7156250000000002e+00   1.9633104000000001e-01   9.1933867999999996e-01   1.0251218400000000e+00   1.9261703999999999e-01
   2.7187500000000000e+00   1.9633126000000001e-01   9.1937577999999998e-01   1.0257212000000000e+00   1.9263593000000001e-01
   2.7250000000000001e+00   1.9633165000000000e-01   9.1944269000000001e-01   1.0269200300000001e+00   1.9267360000000000e-01
   2.7312500000000002e+00   1.9633047000000001e-01   9.1950363000000002e-01   1.0281197200000001e+00   1.9271002000000001e-01
   2.7343750000000000e+00   1.9633207999999999e-01   9.1954440999999998e-01   1.0287190700000000e+00   1.9272685000000001e-01
   2.7406250000000001e+00   1.9633132000000000e-01   9.1961700000000002e-01   1.0299178099999999e+00   1.9276209999999999e-01
   2.7437499999999999e+00   1.9633107999999999e-01   9.1965012999999995e-01   1.0305176500000000e+00   1.9277749000000000e-01
   2.7500000000000000e+00   1.9633143000000000e-01   9.1971111000000005e-01   1.0317168800000001e+00   1.9281582999999999e-01
   2.7562500000000001e+00   1.9633143000000000e-01   9.1976793000000001e-01   1.0329162100000000e+00   1.9285126000000000e-01
   2.7593749999999999e+00   1.9633080000000000e-01   9.1979385000000002e-01   1.0335162000000000e+00   1.9286826000000001e-01
   2.7656250000000000e+00   1.9633122000000000e-01   9.1985793999999999e-01   1.0347161199999999e+00   1.9289681000000000e-01
   2.7687499999999998e+00   1.9633088000000001e-01   9.1988861000000000e-01   1.0353160600000000e+00   1.9291230000000001e-01
   2.7749999999999999e+00   1.9633041000000001e-01   9.1994237999999995e-01   1.0365165599999999e+00   1.9294343000000000e-01
   2.7812500000000000e+00   1.9633092999999999e-01   9.1999006999999999e-01   1.0377171300000001e+00   1.9298092000000000e-01
   2.7843749999999998e+00   1.9633106000000000e-01   9.2001067999999997e-01   1.0383177100000001e+00   1.9299886999999999e-01
   2.7906249999999999e+00   1.9633139999999999e-01   9.2004834999999996e-01   1.0395185300000001e+00   1.9303688999999999e-01
   2.7937500000000002e+00   1.9633132000000000e-01   9.2006759999999999e-01   1.0401193500000001e+00   1.9305337000000000e-01
   2.7999999999999998e+00   1.9633153000000000e-01   9.2011633999999998e-01   1.0413209699999999e+00   1.9308754000000000e-01
   2.8062499999999999e+00   1.9633096999999999e-01   9.2015574000000000e-01   1.0425227500000001e+00   1.9312259000000001e-01
   2.8093750000000002e+00   1.9633111000000000e-01   9.2017194000000002e-01   1.0431236699999999e+00   1.9314281999999999e-01
   2.8156249999999998e+00   1.9633128999999999e-01   9.2020172000000000e-01   1.0443251300000000e+00   1.9318134000000001e-01
   2.8187500000000001e+00   1.9633159000000000e-01   9.2021633000000003e-01   1.0449258100000001e+00   1.9319887999999999e-01
   2.8250000000000002e+00   1.9633089000000001e-01   9.2024486000000005e-01   1.0461280900000001e+00   1.9322970000000000e-01
   2.8312499999999998e+00   1.9633073000000001e-01   9.2028346999999999e-01   1.0473306000000000e+00   1.9325966999999999e-01
   2.8343750000000001e+00   1.9633094000000001e-01   9.2029972999999998e-01   1.0479315800000000e+00   1.9327465999999999e-01
   2.8406250000000002e+00   1.9633052000000001e-01   9.2032058999999999e-01   1.0491344100000000e+00   1.9331010000000001e-01
   2.8437500000000000e+00   1.9633144000000000e-01   9.2033061000000005e-01   1.0497354500000000e+00   1.9332872000000001e-01
   2.8500000000000001e+00   1.9633115000000001e-01   9.2034099999999996e-01   1.0509384399999999e+00   1.9336498999999999e-01
   2.8562500000000002e+00   1.9633138000000000e-01   9.2035442000000001e-01   1.0521417700000000e+00   1.9339924999999999e-01
   2.8593750000000000e+00   1.9633074000000000e-01   9.2036353000000004e-01   1.0527438600000001e+00   1.9341642000000001e-01
   2.8656250000000001e+00   1.9633141000000001e-01   9.2038399999999998e-01   1.0539477399999999e+00   1.9344616000000001e-01
   2.8687499999999999e+00   1.9633110000000001e-01   9.2038889000000002e-01   1.0545498400000000e+00   1.9346304000000000e-01
   2.8750000000000000e+00   1.9633179000000001e-01   9.2039645999999997e-01   1.0557534799999999e+00   1.9350403999999999e-01
   2.8812500000000001e+00   1.9633142000000001e-01   9.2039917000000004e-01   1.0569574600000000e+00   1.9353714000000000e-01
   2.8843749999999999e+00   1.9633147000000001e-01   9.2040100000000002e-01   1.0575593900000000e+00   1.9355289000000001e-01
   2.8906250000000000e+00   1.9633041000000001e-01   9.2040898000000004e-01   1.0587641400000001e+00   1.9358262000000001e-01
   2.8937499999999998e+00   1.9633041000000001e-01   9.2041587000000002e-01   1.0593665400000001e+00   1.9359681000000001e-01
   2.8999999999999999e+00   1.9633091999999999e-01   9.2042272000000003e-01   1.0605708700000001e+00   1.9362529000000001e-01
   2.9062500000000000e+00   1.9633086000000000e-01   9.2041735000000002e-01   1.0617756599999999e+00   1.9366089000000000e-01
   2.9093749999999998e+00   1.9633141000000001e-01   9.2041419999999996e-01   1.0623778399999999e+00   1.9367666000000000e-01
   2.9156249999999999e+00   1.9633167000000001e-01   9.2040190000000000e-01   1.0635827200000001e+00   1.9371119000000001e-01
   2.9187500000000002e+00   1.9633099000000001e-01   9.2039450000000000e-01   1.0641855499999999e+00   1.9372644000000000e-01
   2.9249999999999998e+00   1.9633065000000000e-01   9.2039157999999999e-01   1.0653916500000000e+00   1.9375667999999999e-01
   2.9312499999999999e+00   1.9633143000000000e-01   9.2038781000000003e-01   1.0665974600000001e+00   1.9378317000000000e-01
   2.9343750000000002e+00   1.9633096999999999e-01   9.2038059000000005e-01   1.0672006500000000e+00   1.9380078000000001e-01
   2.9406249999999998e+00   1.9633175000000000e-01   9.2036501000000004e-01   1.0684063100000001e+00   1.9383859000000001e-01
   2.9437500000000001e+00   1.9633138999999999e-01   9.2035533000000003e-01   1.0690093100000000e+00   1.9385450000000001e-01
   2.9500000000000002e+00   1.9633191999999999e-01   9.2033982999999997e-01   1.0702151600000001e+00   1.9388248000000000e-01
   2.9562499999999998e+00   1.9633023999999999e-01   9.2032610999999998e-01   1.0714221100000001e+00   1.9390963999999999e-01
   2.9593750000000001e+00   1.9633054999999999e-01   9.2032258000000000e-01   1.0720254800000000e+00   1.9392118000000000e-01
   2.9656250000000002e+00   1.9633076999999999e-01   9.2030637000000004e-01   1.0732319699999999e+00   1.9394681999999999e-01
   2.9687500000000000e+00   1.9633046000000001e-01   9.2029327000000005e-01   1.0738354699999999e+00   1.9396177000000001e-01
   2.9750000000000001e+00   1.9633101999999999e-01   9.2026576000000004e-01   1.0750418200000000e+00   1.9398972000000000e-01
   2.9812500000000002e+00   1.9633191999999999e-01   9.2023653999999999e-01   1.0762485600000000e+00   1.9401883000000000e-01
   2.9843750000000000e+00   1.9633075000000000e-01   9.2021887999999996e-01   1.0768524600000000e+00   1.9403367999999999e-01
   2.9906250000000001e+00   1.9633068000000001e-01   9.2019722000000004e-01   1.0780605100000000e+00   1.9405828000000000e-01
   2.9937499999999999e+00   1.9633165000000000e-01   9.2018774999999997e-01   1.0786641699999999e+00   1.9406998000000000e-01
   3.0000000000000000e+00   1.9633102999999999e-01   9.2015725000000004e-01   1.0798720799999999e+00   1.9409824000000001e-01
