   2.1682390000000002e-03   0.0000000000000000e+00   1.0000000000000000e+00   5.0000120000000003e-01   1.1636070000000001e-03
   4.6936199999999999e-03   0.0000000000000000e+00   1.0000000000000000e+00   5.0000570000000000e-01   2.5095130000000001e-03
   9.7443830000000006e-03   0.0000000000000000e+00   1.0000000000000000e+00   5.0002500000000005e-01   5.1794889999999998e-03
   1.4795150000000000e-02   0.0000000000000000e+00   1.0000000000000000e+00   5.0005770000000005e-01   7.8248550000000004e-03
   1.9845910000000001e-02   0.0000000000000000e+00   1.0000000000000000e+00   5.0010370000000004e-01   1.0448320000000001e-02
   2.4896669999999999e-02   0.0000000000000000e+00   1.0000000000000000e+00   5.0016289999999997e-01   1.3051520000000000e-02
   2.9947430000000001e-02   0.0000000000000000e+00   1.0000000000000000e+00   5.0023519999999999e-01   1.5635610000000001e-02
   3.4998200000000000e-02   0.0000000000000000e+00   1.0000000000000000e+00   5.0032049999999995e-01   1.8201490000000001e-02
   4.0048960000000002e-02   0.0000000000000000e+00   1.0000000000000000e+00   5.0041869999999999e-01   2.0749870000000000e-02
   4.5099720000000003e-02   0.0000000000000000e+00   1.0000000000000000e+00   5.0052980000000002e-01   2.3281369999999999e-02
   5.0150479999999997e-02   0.0000000000000000e+00   1.0000000000000000e+00   5.0065349999999997e-01   2.5796489999999998e-02
   5.5201250000000000e-02   0.0000000000000000e+00   1.0000000000000000e+00   5.0078999999999996e-01   2.8295700000000000e-02
   6.0252010000000002e-02   0.0000000000000000e+00   9.9999990000000005e-01   5.0093900000000002e-01   3.0779399999999998e-02
   6.5302769999999996e-02   0.0000000000000000e+00   9.9999990000000005e-01   5.0110060000000001e-01   3.3247949999999998e-02
   7.0353540000000006e-02   0.0000000000000000e+00   9.9999990000000005e-01   5.0127460000000001e-01   3.5701660000000003e-02
   7.5404299999999994e-02   0.0000000000000000e+00   9.9999990000000005e-01   5.0146089999999999e-01   3.8140849999999997e-02
   8.0455059999999995e-02   0.0000000000000000e+00   9.9999979999999999e-01   5.0165950000000004e-01   4.0565770000000001e-02
   8.5505819999999996e-02   0.0000000000000000e+00   9.9999979999999999e-01   5.0187040000000005e-01   4.2976670000000002e-02
   9.0556590000000006e-02   0.0000000000000000e+00   9.9999970000000005e-01   5.0209329999999996e-01   4.5373789999999997e-02
   9.5607349999999994e-02   0.0000000000000000e+00   9.9999970000000005e-01   5.0232840000000001e-01   4.7757319999999999e-02
   1.0065810000000000e-01   0.0000000000000000e+00   9.9999959999999999e-01   5.0257549999999995e-01   5.0127459999999999e-02
   1.0570889999999999e-01   0.0000000000000000e+00   9.9999950000000004e-01   5.0283440000000001e-01   5.2484389999999999e-02
   1.1075960000000000e-01   0.0000000000000000e+00   9.9999939999999998e-01   5.0310529999999998e-01   5.4828259999999997e-02
   1.1581039999999999e-01   0.0000000000000000e+00   9.9999930000000004e-01   5.0338799999999995e-01   5.7159219999999997e-02
   1.2086120000000000e-01   0.0000000000000000e+00   9.9999919999999998e-01   5.0368239999999997e-01   5.9477420000000003e-02
   1.2591189999999999e-01   0.0000000000000000e+00   9.9999910000000003e-01   5.0398849999999995e-01   6.1782970000000000e-02
   1.3096269999999999e-01   0.0000000000000000e+00   9.9999899999999997e-01   5.0430620000000004e-01   6.4075989999999999e-02
   1.3601350000000001e-01   0.0000000000000000e+00   9.9999879999999997e-01   5.0463550000000001e-01   6.6356570000000004e-02
   1.4106420000000000e-01   0.0000000000000000e+00   9.9999870000000002e-01   5.0497619999999999e-01   6.8624820000000003e-02
   1.4611499999999999e-01   0.0000000000000000e+00   9.9999850000000001e-01   5.0532840000000001e-01   7.0880810000000002e-02
   1.5116569999999999e-01   0.0000000000000000e+00   9.9999830000000001e-01   5.0569189999999997e-01   7.3124620000000001e-02
   1.5621650000000001e-01   0.0000000000000000e+00   9.9999810000000000e-01   5.0606669999999998e-01   7.5356309999999996e-02
   1.5874189999999999e-01   0.0000000000000000e+00   9.9999800000000005e-01   5.0625840000000000e-01   7.6467620000000000e-02
   1.6379260000000001e-01   0.0000000000000000e+00   9.9999780000000005e-01   5.0665009999999999e-01   7.8681230000000005e-02
   1.6884340000000000e-01   0.0000000000000000e+00   9.9999749999999998e-01   5.0705290000000003e-01   8.0882839999999998e-02
   1.7389420000000000e-01   0.0000000000000000e+00   9.9999720000000003e-01   5.0746680000000000e-01   8.3072499999999994e-02
   1.7894489999999999e-01   0.0000000000000000e+00   9.9999700000000002e-01   5.0789180000000000e-01   8.5250210000000007e-02
   1.8399570000000001e-01   0.0000000000000000e+00   9.9999660000000001e-01   5.0832770000000005e-01   8.7416010000000002e-02
   1.8904650000000001e-01   0.0000000000000000e+00   9.9999629999999995e-01   5.0877450000000002e-01   8.9569899999999994e-02
   1.9409720000000000e-01   0.0000000000000000e+00   9.9999590000000005e-01   5.0923220000000002e-01   9.1711899999999999e-02
   1.9914799999999999e-01   0.0000000000000000e+00   9.9999550000000004e-01   5.0970070000000001e-01   9.3841990000000000e-02
   2.0419870000000001e-01   0.0000000000000000e+00   9.9999510000000003e-01   5.1017979999999996e-01   9.5960180000000006e-02
   2.0924950000000000e-01   0.0000000000000000e+00   9.9999459999999996e-01   5.1066970000000000e-01   9.8066429999999996e-02
   2.1430030000000000e-01   0.0000000000000000e+00   9.9999410000000000e-01   5.1117020000000002e-01   1.0016070000000001e-01
   2.1935099999999999e-01   0.0000000000000000e+00   9.9999349999999998e-01   5.1168119999999995e-01   1.0224310000000000e-01
   2.2440180000000001e-01   0.0000000000000000e+00   9.9999289999999996e-01   5.1220270000000001e-01   1.0431340000000000e-01
   2.2945260000000001e-01   0.0000000000000000e+00   9.9999220000000000e-01   5.1273460000000004e-01   1.0637170000000000e-01
   2.3450330000000000e-01   0.0000000000000000e+00   9.9999150000000003e-01   5.1327690000000004e-01   1.0841779999999999e-01
   2.3955409999999999e-01   0.0000000000000000e+00   9.9999070000000001e-01   5.1382960000000000e-01   1.1045190000000001e-01
   2.4460480000000001e-01   0.0000000000000000e+00   9.9998989999999999e-01   5.1439239999999997e-01   1.1247370000000000e-01
   2.4965560000000001e-01   0.0000000000000000e+00   9.9998889999999996e-01   5.1496540000000002e-01   1.1448319999999999e-01
   2.5470640000000000e-01   0.0000000000000000e+00   9.9998790000000004e-01   5.1554860000000002e-01   1.1648040000000000e-01
   2.5975710000000002e-01   0.0000000000000000e+00   9.9998679999999995e-01   5.1614179999999998e-01   1.1846520000000001e-01
   2.6480789999999998e-01   0.0000000000000000e+00   9.9998560000000003e-01   5.1674500000000001e-01   1.2043750000000000e-01
   2.6985870000000001e-01   0.0000000000000000e+00   9.9998430000000005e-01   5.1735810000000004e-01   1.2239730000000000e-01
   2.7490940000000003e-01   0.0000000000000000e+00   9.9998279999999995e-01   5.1798109999999997e-01   1.2434439999999999e-01
   2.7996019999999999e-01   0.0000000000000000e+00   9.9998120000000001e-01   5.1861389999999996e-01   1.2627869999999999e-01
   2.8501100000000001e-01   0.0000000000000000e+00   9.9997950000000002e-01   5.1925639999999995e-01   1.2820019999999999e-01
   2.9006169999999998e-01   0.0000000000000000e+00   9.9997760000000002e-01   5.1990860000000005e-01   1.3010869999999999e-01
   2.9511250000000000e-01   0.0000000000000000e+00   9.9997550000000002e-01   5.2057050000000005e-01   1.3200419999999999e-01
   3.0016320000000002e-01   0.0000000000000000e+00   9.9997320000000001e-01   5.2124179999999998e-01   1.3388659999999999e-01
   3.0521399999999999e-01   0.0000000000000000e+00   9.9997069999999999e-01   5.2192260000000001e-01   1.3575570000000001e-01
   3.1026480000000001e-01   0.0000000000000000e+00   9.9996799999999997e-01   5.2261290000000005e-01   1.3761139999999999e-01
   3.1531550000000003e-01   0.0000000000000000e+00   9.9996510000000005e-01   5.2331249999999996e-01   1.3945360000000001e-01
   3.2036629999999999e-01   0.0000000000000000e+00   9.9996180000000001e-01   5.2402130000000002e-01   1.4128220000000000e-01
   3.2541710000000001e-01   0.0000000000000000e+00   9.9995829999999997e-01   5.2473930000000002e-01   1.4309700000000000e-01
   3.3046779999999998e-01   0.0000000000000000e+00   9.9995449999999997e-01   5.2546649999999995e-01   1.4489800000000000e-01
   3.3551860000000000e-01   0.0000000000000000e+00   9.9995029999999996e-01   5.2620279999999997e-01   1.4668500000000001e-01
   3.4056930000000002e-01   0.0000000000000000e+00   9.9994570000000005e-01   5.2694799999999997e-01   1.4845790000000000e-01
   3.4562009999999999e-01   0.0000000000000000e+00   9.9994079999999996e-01   5.2770209999999995e-01   1.5021650000000000e-01
   3.5067090000000001e-01   0.0000000000000000e+00   9.9993540000000003e-01   5.2846510000000002e-01   1.5196070000000000e-01
   3.5572160000000003e-01   0.0000000000000000e+00   9.9992959999999997e-01   5.2923690000000001e-01   1.5369040000000000e-01
   3.6077239999999999e-01   0.0000000000000000e+00   9.9992320000000001e-01   5.3001739999999997e-01   1.5540550000000000e-01
   3.6582320000000002e-01   0.0000000000000000e+00   9.9991629999999998e-01   5.3080649999999996e-01   1.5710569999999999e-01
   3.7087389999999998e-01   0.0000000000000000e+00   9.9990889999999999e-01   5.3160410000000002e-01   1.5879109999999999e-01
   3.7592470000000000e-01   0.0000000000000000e+00   9.9990089999999998e-01   5.3241019999999994e-01   1.6046130000000000e-01
   3.8097540000000002e-01   0.0000000000000000e+00   9.9989220000000001e-01   5.3322470000000000e-01   1.6211629999999999e-01
   3.8602619999999999e-01   0.0000000000000000e+00   9.9988279999999996e-01   5.3404759999999996e-01   1.6375600000000001e-01
   3.9107700000000001e-01   0.0000000000000000e+00   9.9987260000000000e-01   5.3487859999999998e-01   1.6538010000000000e-01
   3.9612770000000003e-01   0.0000000000000000e+00   9.9986169999999996e-01   5.3571789999999997e-01   1.6698869999999999e-01
   4.0117849999999999e-01   0.0000000000000000e+00   9.9984989999999996e-01   5.3656519999999996e-01   1.6858139999999999e-01
   4.0622930000000002e-01   0.0000000000000000e+00   9.9983730000000004e-01   5.3742049999999997e-01   1.7015820000000001e-01
   4.0875460000000002e-01   0.0000000000000000e+00   9.9983060000000001e-01   5.3785119999999997e-01   1.7094060000000000e-01
   4.1380539999999999e-01   0.0000000000000000e+00   9.9981650000000000e-01   5.3871840000000004e-01   1.7249329999999999e-01
   4.1885620000000001e-01   0.0000000000000000e+00   9.9980130000000000e-01   5.3959330000000005e-01   1.7402980000000001e-01
   4.2390689999999998e-01   0.0000000000000000e+00   9.9978509999999998e-01   5.4047599999999996e-01   1.7554980000000001e-01
   4.2895770000000000e-01   0.0000000000000000e+00   9.9976770000000004e-01   5.4136640000000003e-01   1.7705330000000000e-01
   4.3400850000000002e-01   0.0000000000000000e+00   9.9974909999999995e-01   5.4226430000000003e-01   1.7854010000000001e-01
   4.3905919999999998e-01   0.0000000000000000e+00   9.9972919999999998e-01   5.4316960000000003e-01   1.8001010000000001e-01
   4.4411000000000000e-01   0.0000000000000000e+00   9.9970789999999998e-01   5.4408239999999997e-01   1.8146319999999999e-01
   4.4916070000000002e-01   0.0000000000000000e+00   9.9968520000000005e-01   5.4500240000000000e-01   1.8289929999999999e-01
   4.5421149999999999e-01   0.0000000000000000e+00   9.9966100000000002e-01   5.4592969999999996e-01   1.8431810000000001e-01
   4.5926230000000001e-01   0.0000000000000000e+00   9.9963519999999995e-01   5.4686400000000002e-01   1.8571969999999999e-01
   4.6431299999999998e-01   0.0000000000000000e+00   9.9960769999999999e-01   5.4780540000000000e-01   1.8710389999999999e-01
   4.6936380000000000e-01   0.0000000000000000e+00   9.9957850000000004e-01   5.4875379999999996e-01   1.8847059999999999e-01
   4.7441460000000002e-01   0.0000000000000000e+00   9.9954739999999997e-01   5.4970900000000000e-01   1.8981960000000000e-01
   4.7946529999999998e-01   0.0000000000000000e+00   9.9951449999999997e-01   5.5067100000000002e-01   1.9115090000000001e-01
   4.8451610000000001e-01   0.0000000000000000e+00   9.9947949999999997e-01   5.5163960000000001e-01   1.9246430000000000e-01
   4.8956680000000002e-01   0.0000000000000000e+00   9.9944239999999995e-01   5.5261490000000002e-01   1.9375990000000001e-01
   4.9461759999999999e-01   0.0000000000000000e+00   9.9940309999999999e-01   5.5359659999999999e-01   1.9503740000000000e-01
   4.9966840000000001e-01   0.0000000000000000e+00   9.9936150000000001e-01   5.5458479999999999e-01   1.9629669999999999e-01
   5.0471909999999998e-01   0.0000000000000000e+00   9.9931749999999997e-01   5.5557920000000005e-01   1.9753789999999999e-01
   5.0976990000000000e-01   0.0000000000000000e+00   9.9927100000000002e-01   5.5657990000000002e-01   1.9876089999999999e-01
   5.1482070000000002e-01   0.0000000000000000e+00   9.9922190000000000e-01   5.5758669999999999e-01   1.9996539999999999e-01
   5.1987139999999998e-01   0.0000000000000000e+00   9.9917020000000001e-01   5.5859959999999997e-01   2.0115160000000001e-01
   5.2492220000000001e-01   0.0000000000000000e+00   9.9911559999999999e-01   5.5961839999999996e-01   2.0231930000000001e-01
   5.2997289999999997e-01   0.0000000000000000e+00   9.9905809999999995e-01   5.6064300000000000e-01   2.0346850000000000e-01
   5.3502369999999999e-01   0.0000000000000000e+00   9.9899760000000004e-01   5.6167339999999999e-01   2.0459910000000001e-01
   5.4007450000000001e-01   0.0000000000000000e+00   9.9893390000000004e-01   5.6270949999999997e-01   2.0571110000000001e-01
   5.4512519999999998e-01   0.0000000000000000e+00   9.9886699999999995e-01   5.6375120000000001e-01   2.0680440000000000e-01
   5.5017600000000000e-01   0.0000000000000000e+00   9.9879680000000004e-01   5.6479829999999998e-01   2.0787910000000001e-01
   5.5522680000000002e-01   0.0000000000000000e+00   9.9872309999999997e-01   5.6585079999999999e-01   2.0893510000000001e-01
   5.6027749999999998e-01   0.0000000000000000e+00   9.9864569999999997e-01   5.6690859999999998e-01   2.0997230000000000e-01
   5.6532830000000001e-01   0.0000000000000000e+00   9.9856469999999997e-01   5.6797149999999996e-01   2.1099080000000001e-01
   5.7037899999999997e-01   0.0000000000000000e+00   9.9847989999999998e-01   5.6903959999999998e-01   2.1199060000000000e-01
   5.7542979999999999e-01   0.0000000000000000e+00   9.9839109999999998e-01   5.7011270000000003e-01   2.1297160000000001e-01
   5.8048060000000001e-01   0.0000000000000000e+00   9.9829829999999997e-01   5.7119070000000005e-01   2.1393400000000001e-01
   5.8553129999999998e-01   0.0000000000000000e+00   9.9820120000000001e-01   5.7227349999999999e-01   2.1487760000000000e-01
   5.9058210000000000e-01   0.0000000000000000e+00   9.9809990000000004e-01   5.7336100000000001e-01   2.1580260000000001e-01
   5.9563290000000002e-01   0.0000000000000000e+00   9.9799420000000005e-01   5.7445310000000005e-01   2.1670890000000001e-01
   6.0068359999999998e-01   0.0000000000000000e+00   9.9788399999999999e-01   5.7554980000000000e-01   2.1759660000000000e-01
   6.0573440000000001e-01   0.0000000000000000e+00   9.9776909999999996e-01   5.7665089999999997e-01   2.1846570000000001e-01
   6.1078509999999997e-01   0.0000000000000000e+00   9.9764949999999997e-01   5.7775630000000000e-01   2.1931629999999999e-01
   6.1583589999999999e-01   0.0000000000000000e+00   9.9752500000000000e-01   5.7886599999999999e-01   2.2014850000000000e-01
   6.2088670000000001e-01   0.0000000000000000e+00   9.9739549999999999e-01   5.7997989999999999e-01   2.2096230000000000e-01
   6.2593739999999998e-01   0.0000000000000000e+00   9.9726090000000001e-01   5.8109780000000000e-01   2.2175780000000000e-01
   6.3098820000000000e-01   0.0000000000000000e+00   9.9712109999999998e-01   5.8221970000000001e-01   2.2253500000000001e-01
   6.3603900000000002e-01   0.0000000000000000e+00   9.9697599999999997e-01   5.8334549999999996e-01   2.2329410000000000e-01
   6.4108969999999998e-01   0.0000000000000000e+00   9.9682539999999997e-01   5.8447499999999997e-01   2.2403509999999999e-01
   6.4614050000000001e-01   0.0000000000000000e+00   9.9666940000000004e-01   5.8560829999999997e-01   2.2475819999999999e-01
   6.5119119999999997e-01   0.0000000000000000e+00   9.9650770000000000e-01   5.8674519999999997e-01   2.2546350000000001e-01
   6.5624199999999999e-01   0.0000000000000000e+00   9.9634020000000001e-01   5.8788549999999995e-01   2.2615099999999999e-01
   6.5876740000000000e-01   0.0000000000000000e+00   9.9625430000000004e-01   5.8845700000000001e-01   2.2648810000000000e-01
   6.6381820000000002e-01   0.0000000000000000e+00   9.9607809999999997e-01   5.8960250000000003e-01   2.2714930000000000e-01
   6.6886889999999999e-01   0.0000000000000000e+00   9.9589600000000000e-01   5.9075129999999998e-01   2.2779300000000000e-01
   6.7391970000000001e-01   0.0000000000000000e+00   9.9570769999999997e-01   5.9190330000000002e-01   2.2841939999999999e-01
   6.7897039999999997e-01   0.0000000000000000e+00   9.9551199999999995e-01   5.9305839999999999e-01   2.2902670000000000e-01
   6.8402120000000000e-01   0.0000000000000000e+00   9.9529489999999998e-01   5.9421610000000002e-01   2.2959689999999999e-01
   6.8907200000000002e-01   0.0000000000000000e+00   9.9502690000000005e-01   5.9537530000000005e-01   2.3009540000000001e-01
   6.9531149999999997e-01   0.0000000000000000e+00   9.9477389999999999e-01   5.9682270000000004e-01   2.3057250000000001e-01
   7.0036220000000005e-01   0.0000000000000000e+00   9.9459640000000005e-01   5.9798859999999998e-01   2.3112890000000000e-01
   7.0541299999999996e-01   0.0000000000000000e+00   9.9438340000000003e-01   5.9915730000000000e-01   2.3166680000000001e-01
   7.1046370000000003e-01   0.0000000000000000e+00   9.9416570000000004e-01   6.0032730000000001e-01   2.3219329999999999e-01
   7.1551450000000005e-01   0.0000000000000000e+00   9.9393880000000001e-01   6.0150119999999996e-01   2.3269619999999999e-01
   7.2056529999999996e-01   0.0000000000000000e+00   9.9370400000000003e-01   6.0267769999999998e-01   2.3318249999999999e-01
   7.2561600000000004e-01   0.0000000000000000e+00   9.9346129999999999e-01   6.0385659999999997e-01   2.3365240000000001e-01
   7.2940410000000000e-01   0.0000000000000000e+00   9.9327430000000005e-01   6.0474229999999995e-01   2.3399439999999999e-01
   7.3445490000000002e-01   0.0000000000000000e+00   9.9301839999999997e-01   6.0592520000000005e-01   2.3443659999999999e-01
   7.3950559999999999e-01   0.0000000000000000e+00   9.9275500000000005e-01   6.0711029999999999e-01   2.3486319999999999e-01
   7.4455640000000001e-01   0.0000000000000000e+00   9.9248429999999999e-01   6.0829750000000005e-01   2.3527439999999999e-01
   7.4960720000000003e-01   0.0000000000000000e+00   9.9220629999999999e-01   6.0948680000000000e-01   2.3567050000000000e-01
   7.5465789999999999e-01   0.0000000000000000e+00   9.9192100000000005e-01   6.1067800000000005e-01   2.3605160000000000e-01
   7.5970870000000001e-01   0.0000000000000000e+00   9.9162839999999997e-01   6.1187110000000000e-01   2.3641809999999999e-01
   7.6475939999999998e-01   0.0000000000000000e+00   9.9132849999999995e-01   6.1306609999999995e-01   2.3677000000000001e-01
   7.6981020000000000e-01   0.0000000000000000e+00   9.9102150000000000e-01   6.1426270000000005e-01   2.3710770000000000e-01
   7.7486100000000002e-01   0.0000000000000000e+00   9.9070720000000001e-01   6.1546109999999998e-01   2.3743130000000001e-01
   7.7991169999999999e-01   0.0000000000000000e+00   9.9038570000000004e-01   6.1666100000000001e-01   2.3774100000000001e-01
   7.8496250000000001e-01   0.0000000000000000e+00   9.9005699999999996e-01   6.1786249999999998e-01   2.3803710000000000e-01
   7.9001330000000003e-01   0.0000000000000000e+00   9.8972119999999997e-01   6.1906539999999999e-01   2.3831980000000000e-01
   7.9506399999999999e-01   0.0000000000000000e+00   9.8937819999999999e-01   6.2026970000000003e-01   2.3858930000000000e-01
   8.0011480000000001e-01   0.0000000000000000e+00   9.8902809999999997e-01   6.2147540000000001e-01   2.3884580000000000e-01
   8.0516549999999998e-01   0.0000000000000000e+00   9.8867090000000002e-01   6.2268230000000002e-01   2.3908950000000001e-01
   8.1021630000000000e-01   0.0000000000000000e+00   9.8830669999999998e-01   6.2389039999999996e-01   2.3932059999999999e-01
   8.1526710000000002e-01   0.0000000000000000e+00   9.8793549999999997e-01   6.2509970000000004e-01   2.3953949999999999e-01
   8.2031779999999999e-01   0.0000000000000000e+00   9.8755729999999997e-01   6.2631000000000003e-01   2.3974619999999999e-01
   8.2536860000000001e-01   0.0000000000000000e+00   9.8717220000000006e-01   6.2752140000000001e-01   2.3994099999999999e-01
   8.3041940000000003e-01   0.0000000000000000e+00   9.8678030000000005e-01   6.2873369999999995e-01   2.4012410000000001e-01
   8.3547009999999999e-01   0.0000000000000000e+00   9.8638150000000002e-01   6.2994680000000003e-01   2.4029570000000000e-01
   8.4052090000000002e-01   0.0000000000000000e+00   9.8597599999999996e-01   6.3116090000000002e-01   2.4045610000000001e-01
   8.4557159999999998e-01   0.0000000000000000e+00   9.8556379999999999e-01   6.3237569999999999e-01   2.4060540000000000e-01
   8.5062240000000000e-01   0.0000000000000000e+00   9.8514510000000000e-01   6.3359120000000002e-01   2.4074380000000001e-01
   8.5441049999999996e-01   0.0000000000000000e+00   9.8482670000000005e-01   6.3450329999999999e-01   2.4084069999999999e-01
   8.5946120000000004e-01   0.0000000000000000e+00   9.8439650000000001e-01   6.3571999999999995e-01   2.4096070000000000e-01
   8.6451199999999995e-01   0.0000000000000000e+00   9.8395999999999995e-01   6.3693730000000004e-01   2.4107039999999999e-01
   8.6956279999999997e-01   0.0000000000000000e+00   9.8351710000000003e-01   6.3815509999999998e-01   2.4117000000000000e-01
   8.7461350000000004e-01   0.0000000000000000e+00   9.8306800000000005e-01   6.3937330000000003e-01   2.4125980000000000e-01
   8.7966429999999995e-01   0.0000000000000000e+00   9.8261270000000001e-01   6.4059200000000005e-01   2.4133979999999999e-01
   8.8471509999999998e-01   0.0000000000000000e+00   9.8215140000000001e-01   6.4181109999999997e-01   2.4141050000000000e-01
   8.8976580000000005e-01   0.0000000000000000e+00   9.8168420000000001e-01   6.4303049999999995e-01   2.4147179999999999e-01
   8.9481659999999996e-01   0.0000000000000000e+00   9.8121110000000000e-01   6.4425020000000000e-01   2.4152399999999999e-01
   8.9986730000000004e-01   0.0000000000000000e+00   9.8073220000000005e-01   6.4547019999999999e-01   2.4156739999999999e-01
   9.0491809999999995e-01   0.0000000000000000e+00   9.8024770000000006e-01   6.4669030000000005e-01   2.4160209999999999e-01
   9.0996889999999997e-01   0.0000000000000000e+00   9.7975769999999995e-01   6.4791060000000000e-01   2.4162819999999999e-01
   9.1501960000000004e-01   0.0000000000000000e+00   9.7926219999999997e-01   6.4913100000000001e-01   2.4164600000000000e-01
   9.2007039999999995e-01   0.0000000000000000e+00   9.7876140000000000e-01   6.5035149999999997e-01   2.4165560000000000e-01
   9.2512119999999998e-01   0.0000000000000000e+00   9.7825540000000000e-01   6.5157200000000004e-01   2.4165729999999999e-01
   9.3017190000000005e-01   0.0000000000000000e+00   9.7774439999999996e-01   6.5279250000000000e-01   2.4165120000000001e-01
   9.3522269999999996e-01   0.0000000000000000e+00   9.7722830000000005e-01   6.5401290000000001e-01   2.4163740000000000e-01
   9.4027340000000004e-01   0.0000000000000000e+00   9.7670740000000000e-01   6.5523330000000002e-01   2.4161620000000000e-01
   9.4532419999999995e-01   0.0000000000000000e+00   9.7618170000000004e-01   6.5645350000000002e-01   2.4158779999999999e-01
   9.5037499999999997e-01   0.0000000000000000e+00   9.7565150000000000e-01   6.5767359999999997e-01   2.4155219999999999e-01
   9.5542570000000004e-01   0.0000000000000000e+00   9.7511669999999995e-01   6.5889350000000002e-01   2.4150959999999999e-01
   9.6047649999999996e-01   0.0000000000000000e+00   9.7457760000000004e-01   6.6011310000000001e-01   2.4146029999999999e-01
   9.6552729999999998e-01   0.0000000000000000e+00   9.7403419999999996e-01   6.6133249999999999e-01   2.4140429999999999e-01
   9.7057800000000005e-01   0.0000000000000000e+00   9.7348670000000004e-01   6.6255160000000002e-01   2.4134190000000000e-01
   9.7562879999999996e-01   0.0000000000000000e+00   9.7293529999999995e-01   6.6377030000000004e-01   2.4127309999999999e-01
   9.7941690000000003e-01   0.0000000000000000e+00   9.7251909999999997e-01   6.6468410000000000e-01   2.4121750000000000e-01
   9.8446760000000000e-01   0.0000000000000000e+00   9.7196099999999996e-01   6.6590220000000000e-01   2.4113799999999999e-01
   9.8951840000000002e-01   0.0000000000000000e+00   9.7139929999999997e-01   6.6711989999999999e-01   2.4105260000000001e-01
   9.9456909999999998e-01   0.0000000000000000e+00   9.7083399999999997e-01   6.6833710000000002e-01   2.4096150000000000e-01
   9.9961990000000001e-01   0.0000000000000000e+00   9.7026539999999994e-01   6.6955390000000004e-01   2.4086469999999999e-01
   1.0046710000000001e+00   0.0000000000000000e+00   9.6969349999999999e-01   6.7077010000000004e-01   2.4076239999999999e-01
   1.0097210000000001e+00   0.0000000000000000e+00   9.6911849999999999e-01   6.7198579999999997e-01   2.4065480000000000e-01
   1.0147720000000000e+00   0.0000000000000000e+00   9.6854059999999997e-01   6.7320100000000005e-01   2.4054190000000000e-01
   1.0198229999999999e+00   0.0000000000000000e+00   9.6795980000000004e-01   6.7441560000000000e-01   2.4042400000000000e-01
   1.0248740000000001e+00   0.0000000000000000e+00   9.6737620000000002e-01   6.7562949999999999e-01   2.4030109999999999e-01
   1.0299240000000001e+00   0.0000000000000000e+00   9.6679009999999999e-01   6.7684290000000003e-01   2.4017340000000001e-01
   1.0349750000000000e+00   0.0000000000000000e+00   9.6620680000000003e-01   6.7805519999999997e-01   2.4004780000000001e-01
   1.0400259999999999e+00   0.0000000000000000e+00   9.6561589999999997e-01   6.7926719999999996e-01   2.3991080000000001e-01
   1.0450770000000000e+00   0.0000000000000000e+00   9.6502279999999996e-01   6.8047860000000004e-01   2.3976919999999999e-01
   1.0501280000000000e+00   0.0000000000000000e+00   9.6442760000000005e-01   6.8168920000000000e-01   2.3962330000000001e-01
   1.0551779999999999e+00   0.0000000000000000e+00   9.6383050000000003e-01   6.8289900000000003e-01   2.3947320000000000e-01
   1.0602290000000001e+00   0.0000000000000000e+00   9.6323159999999997e-01   6.8410810000000000e-01   2.3931890000000000e-01
   1.0652800000000000e+00   0.0000000000000000e+00   9.6263089999999996e-01   6.8531640000000005e-01   2.3916070000000000e-01
   1.0703309999999999e+00   0.0000000000000000e+00   9.6202869999999996e-01   6.8652389999999996e-01   2.3899850000000000e-01
   1.0753809999999999e+00   0.0000000000000000e+00   9.6142510000000003e-01   6.8773059999999997e-01   2.3883250000000000e-01
   1.0804320000000001e+00   0.0000000000000000e+00   9.6082020000000001e-01   6.8893640000000000e-01   2.3866280000000001e-01
   1.0854830000000000e+00   0.0000000000000000e+00   9.6021409999999996e-01   6.9014140000000002e-01   2.3848949999999999e-01
   1.0905339999999999e+00   0.0000000000000000e+00   9.5960690000000004e-01   6.9134540000000000e-01   2.3831269999999999e-01
   1.0955839999999999e+00   0.0000000000000000e+00   9.5899880000000004e-01   6.9254859999999996e-01   2.3813250000000000e-01
   1.0993720000000000e+00   0.0000000000000000e+00   9.5854220000000001e-01   6.9345040000000002e-01   2.3799519999999999e-01
   1.1044229999999999e+00   0.0000000000000000e+00   9.5793280000000003e-01   6.9465189999999999e-01   2.3780930000000000e-01
   1.1094740000000001e+00   0.0000000000000000e+00   9.5732280000000003e-01   6.9585249999999998e-01   2.3762020000000000e-01
   1.1145250000000000e+00   0.0000000000000000e+00   9.5671229999999996e-01   6.9705209999999995e-01   2.3742810000000000e-01
   1.1195759999999999e+00   0.0000000000000000e+00   9.5610139999999999e-01   6.9825079999999995e-01   2.3723300000000000e-01
   1.1246259999999999e+00   0.0000000000000000e+00   9.5549030000000001e-01   6.9944850000000003e-01   2.3703510000000000e-01
   1.1296770000000000e+00   0.0000000000000000e+00   9.5487900000000003e-01   7.0064510000000002e-01   2.3683440000000000e-01
   1.1347280000000000e+00   0.0000000000000000e+00   9.5426780000000000e-01   7.0184080000000004e-01   2.3663090000000001e-01
   1.1397790000000001e+00   0.0000000000000000e+00   9.5365659999999997e-01   7.0303539999999998e-01   2.3642489999999999e-01
   1.1448290000000001e+00   0.0000000000000000e+00   9.5304570000000000e-01   7.0422890000000005e-01   2.3621629999999999e-01
   1.1498800000000000e+00   0.0000000000000000e+00   9.5243509999999998e-01   7.0542139999999998e-01   2.3600520000000000e-01
   1.1549309999999999e+00   0.0000000000000000e+00   9.5182489999999997e-01   7.0661289999999999e-01   2.3579169999999999e-01
   1.1599820000000001e+00   0.0000000000000000e+00   9.5121529999999999e-01   7.0780319999999997e-01   2.3557600000000001e-01
   1.1650320000000001e+00   0.0000000000000000e+00   9.5060639999999996e-01   7.0899250000000003e-01   2.3535790000000001e-01
   1.1700830000000000e+00   0.0000000000000000e+00   9.4999820000000001e-01   7.1018060000000005e-01   2.3513770000000001e-01
   1.1751339999999999e+00   0.0000000000000000e+00   9.4939079999999998e-01   7.1136759999999999e-01   2.3491540000000000e-01
   1.1801850000000000e+00   0.0000000000000000e+00   9.4878450000000003e-01   7.1255349999999995e-01   2.3469110000000001e-01
   1.1852350000000000e+00   0.0000000000000000e+00   9.4817920000000000e-01   7.1373830000000005e-01   2.3446480000000000e-01
   1.1902860000000000e+00   0.0000000000000000e+00   9.4757510000000000e-01   7.1492190000000000e-01   2.3423659999999999e-01
   1.1953370000000001e+00   0.0000000000000000e+00   9.4697229999999999e-01   7.1610439999999997e-01   2.3400660000000001e-01
   1.2003880000000000e+00   0.0000000000000000e+00   9.4637090000000001e-01   7.1728559999999997e-01   2.3377480000000000e-01
   1.2054380000000000e+00   0.0000000000000000e+00   9.4577089999999997e-01   7.1846580000000004e-01   2.3354130000000001e-01
   1.2104889999999999e+00   0.0000000000000000e+00   9.4517249999999997e-01   7.1964470000000003e-01   2.3330619999999999e-01
   1.2155400000000001e+00   0.0000000000000000e+00   9.4457579999999997e-01   7.2082239999999997e-01   2.3306950000000001e-01
   1.2205910000000000e+00   0.0000000000000000e+00   9.4398090000000001e-01   7.2199899999999995e-01   2.3283119999999999e-01
   1.2243790000000001e+00   0.0000000000000000e+00   9.4353580000000004e-01   7.2288059999999998e-01   2.3265150000000001e-01
   1.2294300000000000e+00   0.0000000000000000e+00   9.4294420000000001e-01   7.2405500000000000e-01   2.3241070000000000e-01
   1.2344800000000000e+00   0.0000000000000000e+00   9.4235449999999998e-01   7.2522819999999999e-01   2.3216860000000000e-01
   1.2395309999999999e+00   0.0000000000000000e+00   9.4176700000000002e-01   7.2640020000000005e-01   2.3192510000000000e-01
   1.2445820000000001e+00   0.0000000000000000e+00   9.4118159999999995e-01   7.2757090000000002e-01   2.3168030000000001e-01
   1.2496330000000000e+00   0.0000000000000000e+00   9.4059850000000000e-01   7.2874039999999995e-01   2.3143430000000001e-01
   1.2546830000000000e+00   0.0000000000000000e+00   9.4001780000000001e-01   7.2990869999999997e-01   2.3118720000000001e-01
   1.2597339999999999e+00   0.0000000000000000e+00   9.3943949999999998e-01   7.3107569999999999e-01   2.3093890000000000e-01
   1.2647850000000000e+00   0.0000000000000000e+00   9.3886380000000003e-01   7.3224149999999999e-01   2.3068959999999999e-01
   1.2698360000000000e+00   0.0000000000000000e+00   9.3829059999999997e-01   7.3340590000000005e-01   2.3043930000000001e-01
   1.2748860000000000e+00   0.0000000000000000e+00   9.3772009999999995e-01   7.3456920000000003e-01   2.3018800000000000e-01
   1.2799370000000001e+00   0.0000000000000000e+00   9.3715240000000000e-01   7.3573109999999997e-01   2.2993569999999999e-01
   1.2849880000000000e+00   0.0000000000000000e+00   9.3658750000000002e-01   7.3689179999999999e-01   2.2968259999999999e-01
   1.2900389999999999e+00   0.0000000000000000e+00   9.3602549999999995e-01   7.3805120000000002e-01   2.2942870000000001e-01
   1.2950900000000001e+00   0.0000000000000000e+00   9.3546649999999998e-01   7.3920929999999996e-01   2.2917390000000001e-01
   1.3001400000000001e+00   0.0000000000000000e+00   9.3491950000000001e-01   7.4036619999999997e-01   2.2892319999999999e-01
   1.3051910000000000e+00   0.0000000000000000e+00   9.3436719999999995e-01   7.4152169999999995e-01   2.2866680000000000e-01
   1.3102419999999999e+00   0.0000000000000000e+00   9.3381749999999997e-01   7.4267600000000000e-01   2.2840980000000000e-01
   1.3152930000000000e+00   0.0000000000000000e+00   9.3327110000000002e-01   7.4382899999999996e-01   2.2815220000000000e-01
   1.3203430000000000e+00   0.0000000000000000e+00   9.3272809999999995e-01   7.4498059999999999e-01   2.2789400000000001e-01
   1.3253940000000000e+00   0.0000000000000000e+00   9.3218840000000003e-01   7.4613099999999999e-01   2.2763520000000001e-01
   1.3304450000000001e+00   0.0000000000000000e+00   9.3165220000000004e-01   7.4728000000000006e-01   2.2737599999999999e-01
   1.3354960000000000e+00   0.0000000000000000e+00   9.3111940000000004e-01   7.4842770000000003e-01   2.2711629999999999e-01
   1.3405460000000000e+00   0.0000000000000000e+00   9.3059029999999998e-01   7.4957410000000002e-01   2.2685610000000000e-01
   1.3455969999999999e+00   0.0000000000000000e+00   9.3006480000000002e-01   7.5071920000000003e-01   2.2659560000000001e-01
   1.3493850000000001e+00   0.0000000000000000e+00   9.2967310000000003e-01   7.5157719999999995e-01   2.2639999999999999e-01
   1.3544360000000000e+00   0.0000000000000000e+00   9.2915409999999998e-01   7.5271999999999994e-01   2.2613880000000000e-01
   1.3594869999999999e+00   0.0000000000000000e+00   9.2863899999999999e-01   7.5386149999999996e-01   2.2587740000000001e-01
   1.3645380000000000e+00   0.0000000000000000e+00   9.2812770000000000e-01   7.5500160000000005e-01   2.2561570000000000e-01
   1.3695880000000000e+00   0.0000000000000000e+00   9.2762029999999995e-01   7.5614049999999999e-01   2.2535379999999999e-01
   1.3746389999999999e+00   0.0000000000000000e+00   9.2711690000000002e-01   7.5727800000000001e-01   2.2509170000000001e-01
   1.3796900000000001e+00   0.0000000000000000e+00   9.2661749999999998e-01   7.5841420000000004e-01   2.2482940000000001e-01
   1.3847410000000000e+00   0.0000000000000000e+00   9.2612229999999995e-01   7.5954900000000003e-01   2.2456690000000001e-01
   1.3897910000000000e+00   0.0000000000000000e+00   9.2563110000000004e-01   7.6068259999999999e-01   2.2430439999999999e-01
   1.3948419999999999e+00   0.0000000000000000e+00   9.2514419999999997e-01   7.6181480000000001e-01   2.2404180000000001e-01
   1.3998930000000001e+00   0.0000000000000000e+00   9.2466139999999997e-01   7.6294569999999995e-01   2.2377910000000001e-01
   1.4049440000000000e+00   0.0000000000000000e+00   9.2418299999999998e-01   7.6407519999999995e-01   2.2351650000000001e-01
   1.4099940000000000e+00   0.0000000000000000e+00   9.2370890000000005e-01   7.6520350000000004e-01   2.2325380000000000e-01
   1.4150450000000001e+00   0.0000000000000000e+00   9.2323909999999998e-01   7.6633039999999997e-01   2.2299120000000000e-01
   1.4200960000000000e+00   0.0000000000000000e+00   9.2277379999999998e-01   7.6745589999999997e-01   2.2272860000000000e-01
   1.4251469999999999e+00   0.0000000000000000e+00   9.2231289999999999e-01   7.6858020000000005e-01   2.2246620000000000e-01
   1.4301969999999999e+00   0.0000000000000000e+00   9.2185660000000003e-01   7.6970309999999997e-01   2.2220380000000001e-01
   1.4352480000000001e+00   0.0000000000000000e+00   9.2140469999999997e-01   7.7082470000000003e-01   2.2194159999999999e-01
   1.4402990000000000e+00   0.0000000000000000e+00   9.2095749999999998e-01   7.7194499999999999e-01   2.2167960000000000e-01
   1.4453499999999999e+00   0.0000000000000000e+00   9.2051479999999997e-01   7.7306390000000003e-01   2.2141780000000000e-01
   1.4503999999999999e+00   0.0000000000000000e+00   9.2007680000000003e-01   7.7418160000000003e-01   2.2115609999999999e-01
   1.4554510000000001e+00   0.0000000000000000e+00   9.1964349999999995e-01   7.7529789999999998e-01   2.2089480000000000e-01
   1.4605020000000000e+00   0.0000000000000000e+00   9.1921489999999995e-01   7.7641289999999996e-01   2.2063369999999999e-01
   1.4655530000000001e+00   0.0000000000000000e+00   9.1879109999999997e-01   7.7752659999999996e-01   2.2037290000000001e-01
   1.4706040000000000e+00   0.0000000000000000e+00   9.1837210000000002e-01   7.7863890000000002e-01   2.2011240000000001e-01
   1.4743919999999999e+00   0.0000000000000000e+00   9.1806089999999996e-01   7.7947230000000001e-01   2.1991730000000001e-01
   1.4794419999999999e+00   0.0000000000000000e+00   9.1765030000000003e-01   7.8058240000000001e-01   2.1965740000000000e-01
   1.4844930000000001e+00   0.0000000000000000e+00   9.1725659999999998e-01   7.8169160000000004e-01   2.1939990000000001e-01
   1.4895440000000000e+00   0.0000000000000000e+00   9.1685570000000005e-01   7.8279900000000002e-01   2.1914059999999999e-01
   1.4945949999999999e+00   0.0000000000000000e+00   9.1645980000000005e-01   7.8390510000000002e-01   2.1888179999999999e-01
   1.4996449999999999e+00   0.0000000000000000e+00   9.1606869999999996e-01   7.8500999999999999e-01   2.1862340000000000e-01
   1.5046960000000000e+00   0.0000000000000000e+00   9.1568260000000001e-01   7.8611350000000002e-01   2.1836559999999999e-01
   1.5097470000000000e+00   0.0000000000000000e+00   9.1530149999999999e-01   7.8721569999999996e-01   2.1810820000000000e-01
   1.5147980000000001e+00   0.0000000000000000e+00   9.1492530000000005e-01   7.8831669999999998e-01   2.1785130000000000e-01
   1.5198480000000001e+00   0.0000000000000000e+00   9.1455419999999998e-01   7.8941629999999996e-01   2.1759500000000001e-01
   1.5248990000000000e+00   0.0000000000000000e+00   9.1418809999999995e-01   7.9051459999999996e-01   2.1733930000000001e-01
   1.5299499999999999e+00   0.0000000000000000e+00   9.1382710000000000e-01   7.9161170000000003e-01   2.1708410000000000e-01
   1.5350010000000001e+00   0.0000000000000000e+00   9.1347120000000004e-01   7.9270750000000001e-01   2.1682960000000001e-01
   1.5400520000000000e+00   0.0000000000000000e+00   9.1312040000000005e-01   7.9380189999999995e-01   2.1657570000000001e-01
   1.5451020000000000e+00   0.0000000000000000e+00   9.1277470000000005e-01   7.9489509999999997e-01   2.1632240000000000e-01
   1.5501529999999999e+00   0.0000000000000000e+00   9.1243419999999997e-01   7.9598700000000000e-01   2.1606980000000001e-01
   1.5552040000000000e+00   0.0000000000000000e+00   9.1209879999999999e-01   7.9707770000000000e-01   2.1581780000000000e-01
   1.5602549999999999e+00   0.0000000000000000e+00   9.1176860000000004e-01   7.9816710000000002e-01   2.1556660000000000e-01
   1.5653049999999999e+00   0.0000000000000000e+00   9.1144369999999997e-01   7.9925520000000005e-01   2.1531600000000001e-01
   1.5703560000000001e+00   0.0000000000000000e+00   9.1112389999999999e-01   8.0034200000000000e-01   2.1506620000000001e-01
   1.5754070000000000e+00   0.0000000000000000e+00   9.1080930000000004e-01   8.0142760000000002e-01   2.1481710000000001e-01
   1.5804579999999999e+00   0.0000000000000000e+00   9.1049999999999998e-01   8.0251189999999994e-01   2.1456880000000000e-01
   1.5855079999999999e+00   0.0000000000000000e+00   9.1019589999999995e-01   8.0359499999999995e-01   2.1432129999999999e-01
   1.5905590000000001e+00   0.0000000000000000e+00   9.0989699999999996e-01   8.0467679999999997e-01   2.1407460000000000e-01
   1.5956100000000000e+00   0.0000000000000000e+00   9.0960339999999995e-01   8.0575739999999996e-01   2.1382870000000001e-01
   1.5993980000000001e+00   0.0000000000000000e+00   9.0938660000000004e-01   8.0656709999999998e-01   2.1364480000000000e-01
   1.6044490000000000e+00   0.0000000000000000e+00   9.0910219999999997e-01   8.0764550000000002e-01   2.1340029999999999e-01
   1.6094999999999999e+00   0.0000000000000000e+00   9.0882300000000005e-01   8.0872270000000002e-01   2.1315670000000000e-01
   1.6145499999999999e+00   0.0000000000000000e+00   9.0854910000000000e-01   8.0979860000000004e-01   2.1291399999999999e-01
   1.6196010000000001e+00   0.0000000000000000e+00   9.0828050000000005e-01   8.1087330000000002e-01   2.1267220000000001e-01
   1.6246520000000000e+00   0.0000000000000000e+00   9.0801710000000002e-01   8.1194690000000003e-01   2.1243119999999999e-01
   1.6297029999999999e+00   0.0000000000000000e+00   9.0775890000000004e-01   8.1301920000000005e-01   2.1219120000000000e-01
   1.6347529999999999e+00   0.0000000000000000e+00   9.0751899999999996e-01   8.1409080000000000e-01   2.1195610000000001e-01
   1.6398040000000000e+00   0.0000000000000000e+00   9.0727159999999996e-01   8.1516069999999996e-01   2.1171770000000001e-01
   1.6448550000000000e+00   0.0000000000000000e+00   9.0702910000000003e-01   8.1622939999999999e-01   2.1148030000000001e-01
   1.6499060000000001e+00   0.0000000000000000e+00   9.0679169999999998e-01   8.1729689999999999e-01   2.1124399999999999e-01
   1.6549560000000001e+00   0.0000000000000000e+00   9.0655960000000002e-01   8.1836319999999996e-01   2.1100859999999999e-01
   1.6600070000000000e+00   0.0000000000000000e+00   9.0633269999999999e-01   8.1942839999999995e-01   2.1077430000000000e-01
   1.6650579999999999e+00   0.0000000000000000e+00   9.0611100000000000e-01   8.2049229999999995e-01   2.1054100000000001e-01
   1.6701090000000001e+00   0.0000000000000000e+00   9.0589439999999999e-01   8.2155509999999998e-01   2.1030879999999999e-01
   1.6751590000000001e+00   0.0000000000000000e+00   9.0568309999999996e-01   8.2261669999999998e-01   2.1007760000000000e-01
   1.6802100000000000e+00   0.0000000000000000e+00   9.0547699999999998e-01   8.2367710000000005e-01   2.0984749999999999e-01
   1.6852609999999999e+00   0.0000000000000000e+00   9.0527599999999997e-01   8.2473640000000004e-01   2.0961850000000001e-01
   1.6903120000000000e+00   0.0000000000000000e+00   9.0508020000000000e-01   8.2579449999999999e-01   2.0939060000000001e-01
   1.6953620000000000e+00   0.0000000000000000e+00   9.0488950000000001e-01   8.2685149999999996e-01   2.0916380000000001e-01
   1.7004130000000000e+00   0.0000000000000000e+00   9.0470399999999995e-01   8.2790730000000001e-01   2.0893809999999999e-01
   1.7054640000000001e+00   0.0000000000000000e+00   9.0452370000000004e-01   8.2896199999999998e-01   2.0871350000000000e-01
   1.7105150000000000e+00   0.0000000000000000e+00   9.0434850000000000e-01   8.3001559999999996e-01   2.0849010000000001e-01
   1.7155659999999999e+00   0.0000000000000000e+00   9.0417829999999999e-01   8.3106800000000003e-01   2.0826790000000001e-01
   1.7206159999999999e+00   0.0000000000000000e+00   9.0401330000000002e-01   8.3211930000000001e-01   2.0804680000000000e-01
   1.7244040000000000e+00   0.0000000000000000e+00   9.0389280000000005e-01   8.3290710000000001e-01   2.0788180000000001e-01
   1.7294550000000000e+00   0.0000000000000000e+00   9.0373660000000000e-01   8.3395649999999999e-01   2.0766280000000001e-01
   1.7345060000000001e+00   0.0000000000000000e+00   9.0358550000000004e-01   8.3500470000000004e-01   2.0744499999999999e-01
   1.7395570000000000e+00   0.0000000000000000e+00   9.0343940000000000e-01   8.3605189999999996e-01   2.0722850000000001e-01
   1.7446070000000000e+00   0.0000000000000000e+00   9.0329820000000005e-01   8.3709800000000001e-01   2.0701310000000001e-01
   1.7496579999999999e+00   0.0000000000000000e+00   9.0316209999999997e-01   8.3814299999999997e-01   2.0679900000000001e-01
   1.7547090000000001e+00   0.0000000000000000e+00   9.0303089999999997e-01   8.3918689999999996e-01   2.0658609999999999e-01
   1.7597600000000000e+00   0.0000000000000000e+00   9.0290459999999995e-01   8.4022980000000003e-01   2.0637449999999999e-01
   1.7648100000000000e+00   0.0000000000000000e+00   9.0278320000000001e-01   8.4127160000000001e-01   2.0616419999999999e-01
   1.7698609999999999e+00   0.0000000000000000e+00   9.0266670000000004e-01   8.4231230000000001e-01   2.0595510000000000e-01
   1.7749120000000000e+00   0.0000000000000000e+00   9.0256879999999995e-01   8.4335249999999995e-01   2.0574930000000000e-01
   1.7799630000000000e+00   0.0000000000000000e+00   9.0246190000000004e-01   8.4439120000000001e-01   2.0554269999999999e-01
   1.7850140000000001e+00   0.0000000000000000e+00   9.0235969999999999e-01   8.4542879999999998e-01   2.0533730000000000e-01
   1.7900640000000001e+00   0.0000000000000000e+00   9.0226229999999996e-01   8.4646529999999998e-01   2.0513329999999999e-01
   1.7951150000000000e+00   0.0000000000000000e+00   9.0216949999999996e-01   8.4750080000000005e-01   2.0493069999999999e-01
   1.8001659999999999e+00   0.0000000000000000e+00   9.0208140000000003e-01   8.4853540000000005e-01   2.0472940000000001e-01
   1.8052170000000001e+00   0.0000000000000000e+00   9.0199790000000002e-01   8.4956889999999996e-01   2.0452940000000000e-01
   1.8102670000000001e+00   0.0000000000000000e+00   9.0191909999999997e-01   8.5060139999999995e-01   2.0433090000000001e-01
   1.8153180000000000e+00   0.0000000000000000e+00   9.0184480000000000e-01   8.5163290000000003e-01   2.0413370000000000e-01
   1.8203689999999999e+00   0.0000000000000000e+00   9.0177510000000005e-01   8.5266339999999996e-01   2.0393800000000001e-01
   1.8254200000000000e+00   0.0000000000000000e+00   9.0171000000000001e-01   8.5369289999999998e-01   2.0374360000000000e-01
   1.8304700000000000e+00   0.0000000000000000e+00   9.0164929999999999e-01   8.5472139999999996e-01   2.0355060000000000e-01
   1.8355210000000000e+00   0.0000000000000000e+00   9.0159310000000004e-01   8.5574899999999998e-01   2.0335909999999999e-01
   1.8405720000000001e+00   0.0000000000000000e+00   9.0154129999999999e-01   8.5677559999999997e-01   2.0316899999999999e-01
   1.8456230000000000e+00   0.0000000000000000e+00   9.0149400000000002e-01   8.5780120000000004e-01   2.0298030000000000e-01
   1.8494109999999999e+00   0.0000000000000000e+00   9.0146130000000002e-01   8.5856990000000000e-01   2.0283970000000001e-01
   1.8544620000000001e+00   0.0000000000000000e+00   9.0142160000000005e-01   8.5959390000000002e-01   2.0265359999999999e-01
   1.8595120000000001e+00   0.0000000000000000e+00   9.0138609999999997e-01   8.6061690000000002e-01   2.0246880000000000e-01
   1.8645630000000000e+00   0.0000000000000000e+00   9.0135489999999996e-01   8.6163900000000004e-01   2.0228560000000001e-01
   1.8696140000000001e+00   0.0000000000000000e+00   9.0132789999999996e-01   8.6266019999999999e-01   2.0210380000000000e-01
   1.8746650000000000e+00   0.0000000000000000e+00   9.0130509999999997e-01   8.6368049999999996e-01   2.0192350000000001e-01
   1.8797150000000000e+00   0.0000000000000000e+00   9.0128649999999999e-01   8.6469989999999997e-01   2.0174470000000000e-01
   1.8847659999999999e+00   0.0000000000000000e+00   9.0127190000000001e-01   8.6571840000000000e-01   2.0156730000000000e-01
   1.8898170000000001e+00   0.0000000000000000e+00   9.0126139999999999e-01   8.6673599999999995e-01   2.0139150000000000e-01
   1.8948680000000000e+00   0.0000000000000000e+00   9.0125489999999997e-01   8.6775270000000004e-01   2.0121710000000001e-01
   1.8999180000000000e+00   0.0000000000000000e+00   9.0125239999999995e-01   8.6876850000000005e-01   2.0104430000000001e-01
   1.9049689999999999e+00   0.0000000000000000e+00   9.0126799999999996e-01   8.6978409999999995e-01   2.0087540000000001e-01
   1.9100200000000001e+00   0.0000000000000000e+00   9.0127320000000000e-01   8.7079819999999997e-01   2.0070540000000001e-01
   1.9150710000000000e+00   0.0000000000000000e+00   9.0128220000000003e-01   8.7181149999999996e-01   2.0053689999999999e-01
   1.9201210000000000e+00   0.0000000000000000e+00   9.0129490000000001e-01   8.7282389999999999e-01   2.0036989999999999e-01
   1.9251720000000001e+00   0.0000000000000000e+00   9.0131119999999998e-01   8.7383540000000004e-01   2.0020460000000001e-01
   1.9302230000000000e+00   0.0000000000000000e+00   9.0133129999999995e-01   8.7484620000000002e-01   2.0004079999999999e-01
   1.9352739999999999e+00   0.0000000000000000e+00   9.0135489999999996e-01   8.7585610000000003e-01   1.9987849999999999e-01
   1.9403239999999999e+00   0.0000000000000000e+00   9.0138220000000002e-01   8.7686520000000001e-01   1.9971790000000000e-01
   1.9453750000000001e+00   0.0000000000000000e+00   9.0141300000000002e-01   8.7787349999999997e-01   1.9955880000000001e-01
   1.9504260000000000e+00   0.0000000000000000e+00   9.0144720000000000e-01   8.7888100000000002e-01   1.9940120000000000e-01
   1.9554769999999999e+00   0.0000000000000000e+00   9.0148499999999998e-01   8.7988770000000005e-01   1.9924529999999999e-01
   1.9605280000000000e+00   0.0000000000000000e+00   9.0152610000000000e-01   8.8089360000000005e-01   1.9909089999999999e-01
   1.9655780000000000e+00   0.0000000000000000e+00   9.0157069999999995e-01   8.8189879999999998e-01   1.9893820000000001e-01
   1.9706290000000000e+00   0.0000000000000000e+00   9.0161849999999999e-01   8.8290310000000005e-01   1.9878699999999999e-01
   1.9744170000000001e+00   0.0000000000000000e+00   9.0165649999999997e-01   8.8365590000000005e-01   1.9867460000000001e-01
   1.9794680000000000e+00   0.0000000000000000e+00   9.0171000000000001e-01   8.8465899999999997e-01   1.9852620000000001e-01
   1.9845189999999999e+00   0.0000000000000000e+00   9.0176670000000003e-01   8.8566129999999998e-01   1.9837940000000001e-01
   1.9895689999999999e+00   0.0000000000000000e+00   9.0182649999999998e-01   8.8666290000000003e-01   1.9823420000000000e-01
   1.9946200000000001e+00   0.0000000000000000e+00   9.0188939999999995e-01   8.8766370000000006e-01   1.9809060000000001e-01
   1.9996710000000000e+00   0.0000000000000000e+00   9.0195530000000002e-01   8.8866380000000000e-01   1.9794860000000000e-01
   2.0047220000000001e+00   0.0000000000000000e+00   9.0202420000000005e-01   8.8966319999999999e-01   1.9780819999999999e-01
   2.0097719999999999e+00   0.0000000000000000e+00   9.0209600000000001e-01   8.9066190000000001e-01   1.9766950000000000e-01
   2.0148229999999998e+00   0.0000000000000000e+00   9.0217069999999999e-01   8.9165989999999995e-01   1.9753229999999999e-01
   2.0198740000000002e+00   0.0000000000000000e+00   9.0224819999999994e-01   8.9265729999999999e-01   1.9739670000000001e-01
   2.0249250000000001e+00   0.0000000000000000e+00   9.0232849999999998e-01   8.9365390000000000e-01   1.9726279999999999e-01
   2.0299760000000000e+00   0.0000000000000000e+00   9.0241950000000004e-01   8.9465039999999996e-01   1.9713359999999999e-01
   2.0350259999999998e+00   0.0000000000000000e+00   9.0251110000000001e-01   8.9564569999999999e-01   1.9700239999999999e-01
   2.0400770000000001e+00   0.0000000000000000e+00   9.0259920000000005e-01   8.9664040000000000e-01   1.9687320000000000e-01
   2.0451280000000001e+00   0.0000000000000000e+00   9.0268979999999999e-01   8.9763440000000005e-01   1.9674549999999999e-01
   2.0501790000000000e+00   0.0000000000000000e+00   9.0278290000000005e-01   8.9862779999999998e-01   1.9661960000000001e-01
   2.0552290000000002e+00   0.0000000000000000e+00   9.0287830000000002e-01   8.9962050000000005e-01   1.9649520000000001e-01
   2.0602800000000001e+00   0.0000000000000000e+00   9.0297620000000001e-01   9.0061259999999999e-01   1.9637260000000001e-01
   2.0653310000000000e+00   0.0000000000000000e+00   9.0307630000000005e-01   9.0160410000000002e-01   1.9625150000000000e-01
   2.0703819999999999e+00   0.0000000000000000e+00   9.0317870000000000e-01   9.0259500000000004e-01   1.9613220000000001e-01
   2.0754320000000002e+00   0.0000000000000000e+00   9.0328330000000001e-01   9.0358530000000004e-01   1.9601440000000001e-01
   2.0804830000000001e+00   0.0000000000000000e+00   9.0339009999999997e-01   9.0457500000000002e-01   1.9589830000000000e-01
   2.0855340000000000e+00   0.0000000000000000e+00   9.0349910000000000e-01   9.0556409999999998e-01   1.9578390000000001e-01
   2.0905849999999999e+00   0.0000000000000000e+00   9.0361009999999997e-01   9.0655269999999999e-01   1.9567109999999999e-01
   2.0943730000000000e+00   0.0000000000000000e+00   9.0369469999999996e-01   9.0729369999999998e-01   1.9558750000000000e-01
   2.0994229999999998e+00   0.0000000000000000e+00   9.0380919999999998e-01   9.0828129999999996e-01   1.9547760000000000e-01
   2.1044740000000002e+00   0.0000000000000000e+00   9.0392570000000005e-01   9.0926830000000003e-01   1.9536930000000000e-01
   2.1095250000000001e+00   0.0000000000000000e+00   9.0404399999999996e-01   9.1025469999999997e-01   1.9526260000000001e-01
   2.1145760000000000e+00   0.0000000000000000e+00   9.0416419999999997e-01   9.1124070000000001e-01   1.9515759999999999e-01
   2.1196269999999999e+00   0.0000000000000000e+00   9.0428609999999998e-01   9.1222610000000004e-01   1.9505420000000001e-01
   2.1246770000000001e+00   0.0000000000000000e+00   9.0440980000000004e-01   9.1321099999999999e-01   1.9495240000000000e-01
   2.1297280000000001e+00   0.0000000000000000e+00   9.0453510000000004e-01   9.1419530000000004e-01   1.9485220000000000e-01
   2.1347790000000000e+00   0.0000000000000000e+00   9.0466210000000002e-01   9.1517919999999997e-01   1.9475370000000000e-01
   2.1398299999999999e+00   0.0000000000000000e+00   9.0479060000000000e-01   9.1616260000000005e-01   1.9465669999999999e-01
   2.1448800000000001e+00   0.0000000000000000e+00   9.0492070000000002e-01   9.1714549999999995e-01   1.9456140000000000e-01
   2.1499310000000000e+00   0.0000000000000000e+00   9.0505219999999997e-01   9.1812790000000000e-01   1.9446780000000000e-01
   2.1549820000000000e+00   0.0000000000000000e+00   9.0518509999999996e-01   9.1910990000000004e-01   1.9437570000000001e-01
   2.1600329999999999e+00   0.0000000000000000e+00   9.0531940000000000e-01   9.2009140000000000e-01   1.9428519999999999e-01
   2.1650830000000001e+00   0.0000000000000000e+00   9.0546819999999995e-01   9.2107289999999997e-01   1.9419819999999999e-01
   2.1701340000000000e+00   0.0000000000000000e+00   9.0560499999999999e-01   9.2205349999999997e-01   1.9411070000000000e-01
   2.1751849999999999e+00   0.0000000000000000e+00   9.0574290000000002e-01   9.2303360000000001e-01   1.9402490000000000e-01
   2.1802359999999998e+00   0.0000000000000000e+00   9.0588179999999996e-01   9.2401339999999998e-01   1.9394059999999999e-01
   2.1852860000000001e+00   0.0000000000000000e+00   9.0602190000000005e-01   9.2499270000000000e-01   1.9385800000000000e-01
   2.1903370000000000e+00   0.0000000000000000e+00   9.0616300000000005e-01   9.2597160000000001e-01   1.9377700000000000e-01
   2.1953879999999999e+00   0.0000000000000000e+00   9.0630500000000003e-01   9.2695010000000000e-01   1.9369760000000000e-01
   2.2004389999999998e+00   0.0000000000000000e+00   9.0644800000000003e-01   9.2792819999999998e-01   1.9361980000000001e-01
   2.2054900000000002e+00   0.0000000000000000e+00   9.0659190000000001e-01   9.2890589999999995e-01   1.9354350000000001e-01
   2.2105399999999999e+00   0.0000000000000000e+00   9.0673669999999995e-01   9.2988320000000002e-01   1.9346880000000000e-01
   2.2155909999999999e+00   0.0000000000000000e+00   9.0688230000000003e-01   9.3086020000000003e-01   1.9339580000000001e-01
   2.2193790000000000e+00   0.0000000000000000e+00   9.0699200000000002e-01   9.3159270000000005e-01   1.9334200000000001e-01
   2.2244299999999999e+00   0.0000000000000000e+00   9.0713880000000002e-01   9.3256899999999998e-01   1.9327159999999999e-01
   2.2294809999999998e+00   0.0000000000000000e+00   9.0728640000000005e-01   9.3354490000000001e-01   1.9320280000000001e-01
   2.2345310000000000e+00   0.0000000000000000e+00   9.0743470000000004e-01   9.3452060000000003e-01   1.9313549999999999e-01
   2.2395820000000000e+00   0.0000000000000000e+00   9.0758349999999999e-01   9.3549590000000005e-01   1.9306980000000001e-01
   2.2446329999999999e+00   0.0000000000000000e+00   9.0773289999999995e-01   9.3647080000000005e-01   1.9300560000000000e-01
   2.2496839999999998e+00   0.0000000000000000e+00   9.0788270000000004e-01   9.3744550000000004e-01   1.9294300000000000e-01
   2.2547340000000000e+00   0.0000000000000000e+00   9.0803310000000004e-01   9.3841980000000003e-01   1.9288179999999999e-01
   2.2597849999999999e+00   0.0000000000000000e+00   9.0818379999999999e-01   9.3939379999999995e-01   1.9282220000000000e-01
   2.2648359999999998e+00   0.0000000000000000e+00   9.0833500000000000e-01   9.4036759999999997e-01   1.9276409999999999e-01
   2.2698870000000002e+00   0.0000000000000000e+00   9.0848640000000003e-01   9.4134099999999998e-01   1.9270740000000000e-01
   2.2749370000000000e+00   0.0000000000000000e+00   9.0863819999999995e-01   9.4231419999999999e-01   1.9265230000000000e-01
   2.2799879999999999e+00   0.0000000000000000e+00   9.0879010000000005e-01   9.4328699999999999e-01   1.9259860000000001e-01
   2.2850389999999998e+00   0.0000000000000000e+00   9.0894229999999998e-01   9.4425970000000004e-01   1.9254640000000001e-01
   2.2900900000000002e+00   0.0000000000000000e+00   9.0909459999999997e-01   9.4523199999999996e-01   1.9249559999999999e-01
   2.2951410000000001e+00   0.0000000000000000e+00   9.0924709999999997e-01   9.4620409999999999e-01   1.9244629999999999e-01
   2.3001909999999999e+00   0.0000000000000000e+00   9.0939959999999997e-01   9.4717600000000002e-01   1.9239850000000000e-01
   2.3052419999999998e+00   0.0000000000000000e+00   9.0956429999999999e-01   9.4814799999999999e-01   1.9235540000000001e-01
   2.3102930000000002e+00   0.0000000000000000e+00   9.0971659999999999e-01   9.4911939999999995e-01   1.9231029999999999e-01
   2.3153440000000001e+00   0.0000000000000000e+00   9.0986889999999998e-01   9.5009060000000001e-01   1.9226660000000001e-01
   2.3203939999999998e+00   0.0000000000000000e+00   9.1002099999999997e-01   9.5106150000000000e-01   1.9222429999999999e-01
   2.3254450000000002e+00   0.0000000000000000e+00   9.1017300000000001e-01   9.5203230000000005e-01   1.9218350000000001e-01
   2.3304960000000001e+00   0.0000000000000000e+00   9.1032480000000005e-01   9.5300280000000004e-01   1.9214400000000001e-01
   2.3355470000000000e+00   0.0000000000000000e+00   9.1047639999999996e-01   9.5397319999999997e-01   1.9210590000000000e-01
   2.3405969999999998e+00   0.0000000000000000e+00   9.1062770000000004e-01   9.5494340000000000e-01   1.9206920000000000e-01
   2.3443849999999999e+00   0.0000000000000000e+00   9.1074100000000002e-01   9.5567089999999999e-01   1.9204260000000001e-01
   2.3494359999999999e+00   0.0000000000000000e+00   9.1089180000000003e-01   9.5664070000000001e-01   1.9200829999999999e-01
   2.3544870000000002e+00   0.0000000000000000e+00   9.1104220000000002e-01   9.5761039999999997e-01   1.9197529999999999e-01
   2.3595380000000001e+00   0.0000000000000000e+00   9.1119229999999996e-01   9.5857990000000004e-01   1.9194369999999999e-01
   2.3645890000000001e+00   0.0000000000000000e+00   9.1134199999999999e-01   9.5954930000000005e-01   1.9191340000000001e-01
   2.3696389999999998e+00   0.0000000000000000e+00   9.1149119999999995e-01   9.6051850000000005e-01   1.9188440000000001e-01
   2.3746900000000002e+00   0.0000000000000000e+00   9.1164000000000001e-01   9.6148760000000000e-01   1.9185669999999999e-01
   2.3797410000000001e+00   0.0000000000000000e+00   9.1178830000000000e-01   9.6245650000000005e-01   1.9183030000000001e-01
   2.3847920000000000e+00   0.0000000000000000e+00   9.1193599999999997e-01   9.6342530000000004e-01   1.9180520000000001e-01
   2.3898419999999998e+00   0.0000000000000000e+00   9.1208319999999998e-01   9.6439399999999997e-01   1.9178129999999999e-01
   2.3948930000000002e+00   0.0000000000000000e+00   9.1222970000000003e-01   9.6536259999999996e-01   1.9175870000000000e-01
   2.3999440000000001e+00   0.0000000000000000e+00   9.1237570000000001e-01   9.6633100000000005e-01   1.9173730000000000e-01
   2.4049950000000000e+00   0.0000000000000000e+00   9.1252089999999997e-01   9.6729940000000003e-01   1.9171710000000000e-01
   2.4100450000000002e+00   0.0000000000000000e+00   9.1266550000000002e-01   9.6826760000000001e-01   1.9169820000000001e-01
   2.4150960000000001e+00   0.0000000000000000e+00   9.1280939999999999e-01   9.6923579999999998e-01   1.9168040000000000e-01
   2.4201470000000000e+00   0.0000000000000000e+00   9.1295249999999994e-01   9.7020379999999995e-01   1.9166380000000000e-01
   2.4251980000000000e+00   0.0000000000000000e+00   9.1309479999999998e-01   9.7117180000000003e-01   1.9164840000000000e-01
   2.4302480000000002e+00   0.0000000000000000e+00   9.1323630000000000e-01   9.7213970000000005e-01   1.9163410000000000e-01
   2.4352990000000001e+00   0.0000000000000000e+00   9.1337699999999999e-01   9.7310759999999996e-01   1.9162100000000001e-01
   2.4403500000000000e+00   0.0000000000000000e+00   9.1351680000000002e-01   9.7407540000000004e-01   1.9160900000000000e-01
   2.4454009999999999e+00   0.0000000000000000e+00   9.1365580000000002e-01   9.7504310000000005e-01   1.9159809999999999e-01
   2.4504519999999999e+00   0.0000000000000000e+00   9.1380530000000004e-01   9.7601110000000002e-01   1.9159129999999999e-01
   2.4555020000000001e+00   0.0000000000000000e+00   9.1394220000000004e-01   9.7697869999999998e-01   1.9158240000000001e-01
   2.4605530000000000e+00   0.0000000000000000e+00   9.1407819999999995e-01   9.7794630000000005e-01   1.9157460000000001e-01
   2.4656039999999999e+00   0.0000000000000000e+00   9.1421310000000000e-01   9.7891390000000000e-01   1.9156790000000001e-01
   2.4693920000000000e+00   0.0000000000000000e+00   9.1431359999999995e-01   9.7963960000000005e-01   1.9156350000000000e-01
   2.4744429999999999e+00   0.0000000000000000e+00   9.1444669999999995e-01   9.8060709999999995e-01   1.9155860000000000e-01
   2.4794930000000002e+00   0.0000000000000000e+00   9.1457869999999997e-01   9.8157459999999996e-01   1.9155469999999999e-01
   2.4845440000000001e+00   0.0000000000000000e+00   9.1470969999999996e-01   9.8254200000000003e-01   1.9155179999999999e-01
   2.4895950000000000e+00   0.0000000000000000e+00   9.1483950000000003e-01   9.8350950000000004e-01   1.9155000000000000e-01
   2.4946459999999999e+00   0.0000000000000000e+00   9.1496820000000001e-01   9.8447689999999999e-01   1.9154910000000000e-01
   2.4996960000000001e+00   0.0000000000000000e+00   9.1509580000000001e-01   9.8544440000000000e-01   1.9154920000000000e-01
   2.5047470000000001e+00   0.0000000000000000e+00   9.1522219999999999e-01   9.8641190000000001e-01   1.9155020000000000e-01
   2.5097980000000000e+00   0.0000000000000000e+00   9.1534749999999998e-01   9.8737929999999996e-01   1.9155220000000001e-01
   2.5148489999999999e+00   0.0000000000000000e+00   9.1547160000000005e-01   9.8834679999999997e-01   1.9155500000000000e-01
   2.5198990000000001e+00   0.0000000000000000e+00   9.1559449999999998e-01   9.8931429999999998e-01   1.9155880000000000e-01
   2.5249500000000000e+00   0.0000000000000000e+00   9.1571610000000003e-01   9.9028179999999999e-01   1.9156350000000000e-01
   2.5300009999999999e+00   0.0000000000000000e+00   9.1583650000000005e-01   9.9124930000000000e-01   1.9156909999999999e-01
   2.5350519999999999e+00   0.0000000000000000e+00   9.1595570000000004e-01   9.9221689999999996e-01   1.9157550000000001e-01
   2.5401030000000002e+00   0.0000000000000000e+00   9.1607360000000004e-01   9.9318450000000003e-01   1.9158269999999999e-01
   2.5451530000000000e+00   0.0000000000000000e+00   9.1619019999999995e-01   9.9415220000000004e-01   1.9159080000000001e-01
   2.5502039999999999e+00   0.0000000000000000e+00   9.1630560000000005e-01   9.9511980000000000e-01   1.9159960000000001e-01
   2.5552549999999998e+00   0.0000000000000000e+00   9.1641960000000000e-01   9.9608759999999996e-01   1.9160930000000001e-01
   2.5603060000000002e+00   0.0000000000000000e+00   9.1653229999999997e-01   9.9705540000000004e-01   1.9161980000000001e-01
   2.5653560000000000e+00   0.0000000000000000e+00   9.1664360000000000e-01   9.9802320000000000e-01   1.9163100000000000e-01
   2.5704069999999999e+00   0.0000000000000000e+00   9.1675359999999995e-01   9.9899110000000002e-01   1.9164290000000000e-01
   2.5754579999999998e+00   0.0000000000000000e+00   9.1686219999999996e-01   9.9995909999999999e-01   1.9165560000000001e-01
   2.5805090000000002e+00   0.0000000000000000e+00   9.1696949999999999e-01   1.0009269999999999e+00   1.9166890000000000e-01
   2.5855589999999999e+00   0.0000000000000000e+00   9.1707530000000004e-01   1.0018950000000000e+00   1.9168299999999999e-01
   2.5906099999999999e+00   0.0000000000000000e+00   9.1717979999999999e-01   1.0028630000000001e+00   1.9169780000000000e-01
   2.5943980000000000e+00   0.0000000000000000e+00   9.1725719999999999e-01   1.0035900000000000e+00   1.9170930000000000e-01
   2.5994489999999999e+00   0.0000000000000000e+00   9.1735909999999998e-01   1.0045580000000001e+00   1.9172520000000001e-01
   2.6044999999999998e+00   0.0000000000000000e+00   9.1746980000000000e-01   1.0055259999999999e+00   1.9174490000000000e-01
   2.6095510000000002e+00   0.0000000000000000e+00   9.1756919999999997e-01   1.0064949999999999e+00   1.9176190000000001e-01
   2.6146010000000000e+00   0.0000000000000000e+00   9.1766669999999995e-01   1.0074630000000000e+00   1.9177949999999999e-01
   2.6196519999999999e+00   0.0000000000000000e+00   9.1776270000000004e-01   1.0084320000000000e+00   1.9179769999999999e-01
   2.6247029999999998e+00   0.0000000000000000e+00   9.1785729999999999e-01   1.0094010000000000e+00   1.9181650000000000e-01
   2.6297540000000001e+00   0.0000000000000000e+00   9.1795030000000000e-01   1.0103700000000000e+00   1.9183590000000000e-01
   2.6348039999999999e+00   0.0000000000000000e+00   9.1804180000000002e-01   1.0113390000000000e+00   1.9185579999999999e-01
   2.6398549999999998e+00   0.0000000000000000e+00   9.1813180000000005e-01   1.0123080000000000e+00   1.9187620000000000e-01
   2.6449060000000002e+00   0.0000000000000000e+00   9.1822029999999999e-01   1.0132770000000000e+00   1.9189709999999999e-01
   2.6499570000000001e+00   0.0000000000000000e+00   9.1830730000000005e-01   1.0142460000000000e+00   1.9191859999999999e-01
   2.6550069999999999e+00   0.0000000000000000e+00   9.1839269999999995e-01   1.0152159999999999e+00   1.9194049999999999e-01
   2.6600579999999998e+00   0.0000000000000000e+00   9.1847670000000003e-01   1.0161849999999999e+00   1.9196289999999999e-01
   2.6651090000000002e+00   0.0000000000000000e+00   9.1855909999999996e-01   1.0171550000000000e+00   1.9198570000000001e-01
   2.6701600000000001e+00   0.0000000000000000e+00   9.1864009999999996e-01   1.0181240000000000e+00   1.9200890000000001e-01
   2.6752099999999999e+00   0.0000000000000000e+00   9.1871939999999996e-01   1.0190939999999999e+00   1.9203260000000000e-01
   2.6802609999999998e+00   0.0000000000000000e+00   9.1879730000000004e-01   1.0200640000000001e+00   1.9205670000000000e-01
   2.6853120000000001e+00   0.0000000000000000e+00   9.1887370000000002e-01   1.0210340000000000e+00   1.9208110000000000e-01
   2.6903630000000001e+00   0.0000000000000000e+00   9.1894849999999995e-01   1.0220039999999999e+00   1.9210600000000000e-01
   2.6954129999999998e+00   0.0000000000000000e+00   9.1902180000000000e-01   1.0229750000000000e+00   1.9213110000000000e-01
   2.7004640000000002e+00   0.0000000000000000e+00   9.1909350000000001e-01   1.0239450000000001e+00   1.9215670000000001e-01
   2.7055150000000001e+00   0.0000000000000000e+00   9.1916370000000003e-01   1.0249159999999999e+00   1.9218250000000001e-01
   2.7105660000000000e+00   0.0000000000000000e+00   9.1923239999999995e-01   1.0258870000000000e+00   1.9220860000000001e-01
   2.7156169999999999e+00   0.0000000000000000e+00   9.1929950000000005e-01   1.0268569999999999e+00   1.9223509999999999e-01
   2.7194050000000001e+00   0.0000000000000000e+00   9.1934879999999997e-01   1.0275860000000001e+00   1.9225510000000001e-01
   2.7244549999999998e+00   0.0000000000000000e+00   9.1941320000000004e-01   1.0285569999999999e+00   1.9228200000000001e-01
   2.7295060000000002e+00   0.0000000000000000e+00   9.1947610000000002e-01   1.0295280000000000e+00   1.9230910000000001e-01
   2.7345570000000001e+00   0.0000000000000000e+00   9.1953750000000001e-01   1.0304990000000001e+00   1.9233649999999999e-01
   2.7396080000000000e+00   0.0000000000000000e+00   9.1959729999999995e-01   1.0314710000000000e+00   1.9236420000000001e-01
   2.7446579999999998e+00   0.0000000000000000e+00   9.1965549999999996e-01   1.0324420000000001e+00   1.9239200000000001e-01
   2.7497090000000002e+00   0.0000000000000000e+00   9.1971219999999998e-01   1.0334140000000001e+00   1.9242000000000001e-01
   2.7547600000000001e+00   0.0000000000000000e+00   9.1976740000000001e-01   1.0343860000000000e+00   1.9244820000000001e-01
   2.7598110000000000e+00   0.0000000000000000e+00   9.1982100000000000e-01   1.0353580000000000e+00   1.9247649999999999e-01
   2.7648609999999998e+00   0.0000000000000000e+00   9.1987310000000000e-01   1.0363300000000000e+00   1.9250500000000001e-01
   2.7699120000000002e+00   0.0000000000000000e+00   9.1992370000000001e-01   1.0373030000000001e+00   1.9253370000000000e-01
   2.7749630000000001e+00   0.0000000000000000e+00   9.1998259999999998e-01   1.0382760000000000e+00   1.9256809999999999e-01
   2.7800140000000000e+00   0.0000000000000000e+00   9.2003000000000001e-01   1.0392479999999999e+00   1.9259680000000001e-01
   2.7850649999999999e+00   0.0000000000000000e+00   9.2007589999999995e-01   1.0402210000000001e+00   1.9262560000000001e-01
   2.7901150000000001e+00   0.0000000000000000e+00   9.2012020000000005e-01   1.0411940000000000e+00   1.9265450000000001e-01
   2.7951660000000000e+00   0.0000000000000000e+00   9.2016290000000001e-01   1.0421670000000001e+00   1.9268350000000001e-01
   2.8002170000000000e+00   0.0000000000000000e+00   9.2020420000000003e-01   1.0431400000000000e+00   1.9271260000000001e-01
   2.8052679999999999e+00   0.0000000000000000e+00   9.2024390000000000e-01   1.0441140000000000e+00   1.9274169999999999e-01
   2.8103180000000001e+00   0.0000000000000000e+00   9.2028200000000004e-01   1.0450870000000001e+00   1.9277079999999999e-01
   2.8153690000000000e+00   0.0000000000000000e+00   9.2031870000000005e-01   1.0460609999999999e+00   1.9280000000000000e-01
   2.8204199999999999e+00   0.0000000000000000e+00   9.2035389999999995e-01   1.0470349999999999e+00   1.9282920000000001e-01
   2.8254709999999998e+00   0.0000000000000000e+00   9.2038759999999997e-01   1.0480090000000000e+00   1.9285840000000001e-01
   2.8305210000000001e+00   0.0000000000000000e+00   9.2041980000000001e-01   1.0489830000000000e+00   1.9288759999999999e-01
   2.8355720000000000e+00   0.0000000000000000e+00   9.2045049999999995e-01   1.0499570000000000e+00   1.9291680000000000e-01
   2.8406229999999999e+00   0.0000000000000000e+00   9.2047979999999996e-01   1.0509320000000000e+00   1.9294600000000001e-01
   2.8444110000000000e+00   0.0000000000000000e+00   9.2050080000000001e-01   1.0516630000000000e+00   1.9296779999999999e-01
   2.8494619999999999e+00   0.0000000000000000e+00   9.2052750000000005e-01   1.0526370000000000e+00   1.9299690000000000e-01
   2.8545129999999999e+00   0.0000000000000000e+00   9.2055279999999995e-01   1.0536120000000000e+00   1.9302590000000000e-01
   2.8595630000000001e+00   0.0000000000000000e+00   9.2057659999999997e-01   1.0545869999999999e+00   1.9305490000000000e-01
   2.8646140000000000e+00   0.0000000000000000e+00   9.2059899999999995e-01   1.0555619999999999e+00   1.9308380000000000e-01
   2.8696649999999999e+00   0.0000000000000000e+00   9.2061999999999999e-01   1.0565380000000000e+00   1.9311249999999999e-01
   2.8747159999999998e+00   0.0000000000000000e+00   9.2063960000000000e-01   1.0575129999999999e+00   1.9314120000000001e-01
   2.8797660000000000e+00   0.0000000000000000e+00   9.2065779999999997e-01   1.0584890000000000e+00   1.9316980000000000e-01
   2.8848170000000000e+00   0.0000000000000000e+00   9.2067460000000001e-01   1.0594640000000000e+00   1.9319819999999999e-01
   2.8898679999999999e+00   0.0000000000000000e+00   9.2068989999999995e-01   1.0604400000000000e+00   1.9322650000000000e-01
   2.8949189999999998e+00   0.0000000000000000e+00   9.2070399999999997e-01   1.0614159999999999e+00   1.9325470000000000e-01
   2.8999690000000000e+00   0.0000000000000000e+00   9.2071660000000000e-01   1.0623920000000000e+00   1.9328270000000000e-01
   2.9050199999999999e+00   0.0000000000000000e+00   9.2072790000000004e-01   1.0633690000000000e+00   1.9331060000000000e-01
   2.9100709999999999e+00   0.0000000000000000e+00   9.2073780000000005e-01   1.0643450000000001e+00   1.9333829999999999e-01
   2.9151220000000002e+00   0.0000000000000000e+00   9.2074639999999996e-01   1.0653220000000001e+00   1.9336580000000000e-01
   2.9201720000000000e+00   0.0000000000000000e+00   9.2075359999999995e-01   1.0662980000000000e+00   1.9339310000000001e-01
   2.9252229999999999e+00   0.0000000000000000e+00   9.2075960000000001e-01   1.0672750000000000e+00   1.9342019999999999e-01
   2.9302739999999998e+00   0.0000000000000000e+00   9.2076420000000003e-01   1.0682520000000000e+00   1.9344710000000001e-01
   2.9353250000000002e+00   0.0000000000000000e+00   9.2076749999999996e-01   1.0692290000000000e+00   1.9347380000000000e-01
   2.9403750000000000e+00   0.0000000000000000e+00   9.2076950000000002e-01   1.0702069999999999e+00   1.9350029999999999e-01
   2.9454259999999999e+00   0.0000000000000000e+00   9.2077929999999997e-01   1.0711839999999999e+00   1.9353210000000001e-01
   2.9504769999999998e+00   0.0000000000000000e+00   9.2077880000000001e-01   1.0721620000000001e+00   1.9355790000000000e-01
   2.9555280000000002e+00   0.0000000000000000e+00   9.2077690000000001e-01   1.0731390000000001e+00   1.9358349999999999e-01
   2.9605790000000001e+00   0.0000000000000000e+00   9.2077370000000003e-01   1.0741170000000000e+00   1.9360890000000000e-01
   2.9656289999999998e+00   0.0000000000000000e+00   9.2076930000000001e-01   1.0750949999999999e+00   1.9363410000000000e-01
   2.9694170000000000e+00   0.0000000000000000e+00   9.2076510000000000e-01   1.0758289999999999e+00   1.9365280000000001e-01
   2.9744679999999999e+00   0.0000000000000000e+00   9.2075850000000004e-01   1.0768070000000001e+00   1.9367750000000000e-01
   2.9795189999999998e+00   0.0000000000000000e+00   9.2075070000000003e-01   1.0777850000000000e+00   1.9370190000000001e-01
   2.9845700000000002e+00   0.0000000000000000e+00   9.2074160000000005e-01   1.0787629999999999e+00   1.9372610000000001e-01
   2.9896199999999999e+00   0.0000000000000000e+00   9.2073139999999998e-01   1.0797420000000000e+00   1.9375000000000001e-01
   2.9946709999999999e+00   0.0000000000000000e+00   9.2071999999999998e-01   1.0807210000000000e+00   1.9377359999999999e-01
   2.9997220000000002e+00   0.0000000000000000e+00   9.2070750000000001e-01   1.0816990000000000e+00   1.9379700000000000e-01
