   3.9843750000000000e-01   9.9845362999999998e-01
   3.9989078000000000e-01   9.9854675000000004e-01
   6.0000001999999997e-01   9.9855943000000003e-01
   4.0012402000000002e-01   9.9856151999999998e-01
   6.0153891999999998e-01   9.9846109999999999e-01
   4.4935926999999998e-01   1.0009218000000000e+00
   2.0043997000000000e-01   9.4999999000000002e-01
   7.9899542999999995e-01   9.5055794000000005e-01
   5.5063826000000005e-01   1.0009242000000000e+00
   4.5097335000000000e-01   1.0009733999999999e+00
   1.9880271999999999e-01   9.4843750999999998e-01
   2.0021194000000000e-01   9.4978804999999999e-01
   8.0000000999999998e-01   9.4962723000000004e-01
   8.0060739000000003e-01   9.4904489000000003e-01
   5.4843748000000003e-01   1.0009938000000000e+00
   5.7644101000000003e-01   9.9987850000000000e-01
   4.2343751000000002e-01   9.9986832000000003e-01
   4.7501565000000001e-01   1.0015468000000001e+00
   5.2404740000000005e-01   1.0015624999999999e+00
   4.2654563000000001e-01   1.0000169000000001e+00
   8.2612191000000001e-01   1.0500000000000000e+00
   1.7427925000000000e-01   9.5084175000000004e-01
   2.4843749000000001e-01   9.7619131000000003e-01
   5.7495001999999995e-01   9.9995003000000005e-01
   7.5156248000000003e-01   9.7623930000000003e-01
   8.2562815000000001e-01   9.5062815000000001e-01
   1.7386144000000001e-01   1.0500000000000000e+00
   1.7364541999999999e-01   1.0486454000000001e+00
   4.7499998999999998e-01   1.0015466000000000e+00
   4.7347888999999999e-01   1.0015210999999999e+00
   8.2586618999999994e-01   1.0515625000000000e+00
   1.7473578000000001e-01   9.4870173000000002e-01
   8.2516142000000003e-01   9.4843750999999998e-01
   1.7402158000000001e-01   1.0509784000000000e+00
   5.2656250999999998e-01   1.0015217000000001e+00
   5.2501527000000003e-01   1.0015472000000001e+00
   5.7656251999999997e-01   1.3487728999999999e+00
   5.7399157000000001e-01   1.3494459000000001e+00
   4.2656249000000002e-01   1.3495880000000000e+00
   4.2389162000000002e-01   1.3488916000000000e+00
   2.1250000999999999e-01   6.0129027999999995e-01
   8.1249273000000000e-01   6.0000728999999997e-01
   1.8808585999999999e-01   5.9843749000000002e-01
   2.1102882000000001e-01   5.9990869000000002e-01
   8.1249017000000001e-01   6.0000001999999997e-01
   8.1202014000000000e-01   5.9891737000000000e-01
   5.8749998000000003e-01   9.9930271000000004e-01
   5.8831928000000000e-01   9.9925679999999995e-01
   4.1249998999999998e-01   9.9929743000000004e-01
   3.0079710999999998e-01   9.8829710999999998e-01
   2.9843751000000002e-01   9.8791178999999996e-01
   7.0059638999999996e-01   9.8809639000000005e-01
   6.9999999000000002e-01   9.8819442000000002e-01
   6.9917273999999996e-01   9.8832726000000004e-01
   8.1093751999999997e-01   1.1120303000000000e+00
   4.3801261000000002e-01   1.0005126000000000e+00
   2.3749999999999999e-01   1.2123598000000000e+00
   5.6198431999999998e-01   1.0005157000000000e+00
   7.6240706999999996e-01   1.2124999999999999e+00
   4.6222533999999998e-01   1.0012878000000001e+00
   1.9892248000000001e-01   1.1390625000000001e+00
   5.3876495999999996e-01   1.0012650000000001e+00
   8.0156249000000002e-01   1.1378394999999999e+00
   3.3784416000000000e-01   1.3112816000000000e+00
   6.6093749000000002e-01   1.3120498000000000e+00
   6.6215500000000005e-01   1.3112824999999999e+00
   8.1284272000000002e-01   6.1128020999999999e-01
   8.1255531999999997e-01   6.1244469000000001e-01
   8.1254194999999996e-01   6.1250000999999998e-01
   8.1216527000000005e-01   6.1372775999999996e-01
   1.8750000000000000e-01   5.9971110999999999e-01
   1.8773094000000001e-01   6.1383155000000000e-01
   1.8702388000000000e-01   6.0108638999999997e-01
   1.8732030999999999e-01   6.0017969999999998e-01
   1.8726609999999999e-01   6.1226610999999997e-01
   7.8732362000000000e-01   6.0138610999999997e-01
   5.8749998000000003e-01   9.9930271000000004e-01
   4.1341023999999998e-01   9.9934774999999998e-01
   2.8749998999999998e-01   9.8597347000000002e-01
   2.8754429999999997e-01   9.8598178999999997e-01
   7.1241827000000002e-01   9.8601919000000005e-01
   7.1255575999999998e-01   9.8599325999999998e-01
   4.3593748999999998e-01   1.0004291000000001e+00
   2.3778798000000001e-01   1.2127880000000000e+00
   2.3655290000000001e-01   1.2109375000000000e+00
   5.6297595000000000e-01   1.0004759999999999e+00
   7.6249999000000002e-01   1.2123611000000001e+00
   7.6221475999999999e-01   1.2127851999999999e+00
   4.6406250999999998e-01   1.0013312999999999e+00
   4.6276163999999997e-01   1.0013008999999999e+00
   8.2418946999999998e-01   1.0609375000000001e+00
   8.2360971000000005e-01   1.0638903000000000e+00
   2.7656250999999998e-01   1.2610595000000000e+00
   1.8872085000000000e-01   9.3627917000000005e-01
   1.7609933000000000e-01   1.0625000000000000e+00
   1.7637122999999999e-01   1.0638711999999999e+00
   1.7609933000000000e-01   1.0625000000000000e+00
   5.3723977999999994e-01   1.0013023000000001e+00
   3.3750001000000002e-01   1.3110645999999999e+00
   3.8625534000000000e-01   1.3362552999999999e+00
   3.8906248999999998e-01   1.3373906000000000e+00
   3.6227091000000000e-01   1.3252291000000000e+00
   3.6406249000000002e-01   1.3261418000000000e+00
   3.6123882000000002e-01   1.3246986999999999e+00
   7.2354892999999998e-01   1.2609375000000000e+00
   6.3876116999999999e-01   1.3246986999999999e+00
   6.3679295999999996e-01   1.3257070000000000e+00
   6.3772914999999997e-01   1.3252292000000001e+00
   6.1250000999999998e-01   1.3367637999999999e+00
   6.1308677000000000e-01   1.3365243000000000e+00
   6.6270037999999998e-01   1.3109375000000001e+00
   1.9381176000000000e-01   5.9381176999999996e-01
   2.0119297999999999e-01   5.9411950999999996e-01
   2.0008977000000000e-01   5.9383976999999999e-01
   7.9991789000000002e-01   5.9383211999999996e-01
   8.0005194000000002e-01   5.9380193000000003e-01
   5.9375000000000000e-01   9.9894342999999997e-01
   5.9487391000000001e-01   9.9887608999999999e-01
   4.0625000000000000e-01   9.9893745000000000e-01
   4.4455433999999999e-01   1.0007581999999999e+00
   3.5071744999999999e-01   9.9459503999999999e-01
   3.5604765999999999e-01   9.9511017999999996e-01
   2.0593300000000000e-01   9.5468748000000003e-01
   7.9391575999999997e-01   9.5485324999999999e-01
   6.4393964000000004e-01   9.9512288000000004e-01
   6.4929404999999996e-01   9.9460654999999998e-01
   2.0560016000000000e-01   1.1546875000000001e+00
   5.5549053000000004e-01   1.0007595000000000e+00
   7.9374999000000002e-01   1.1561082000000000e+00
   4.5580533000000001e-01   1.0011178000000001e+00
   1.9440445000000001e-01   9.4375001999999997e-01
   3.4390010999999998e-01   9.9390009000000001e-01
   3.4999998999999998e-01   9.9452419999999997e-01
   3.4912393000000003e-01   9.9443643000000004e-01
   6.4999998000000003e-01   9.9453696000000003e-01
   6.5496980000000005e-01   9.9403227000000005e-01
   8.0561514999999995e-01   9.4375001999999997e-01
   2.0105930999999999e-01   1.1442532000000001e+00
   5.4419234999999999e-01   1.0011201000000001e+00
   7.9852933999999998e-01   1.1452206000000000e+00
   5.4843748000000003e-01   1.3548475000000000e+00
   5.4452917000000001e-01   1.3554708000000000e+00
   4.5546743000000001e-01   1.3554701000000000e+00
   4.5547058000000001e-01   1.3554706000000001e+00
   8.0615702000000000e-01   6.2500000000000000e-01
   5.8090501999999999e-01   9.9965501999999995e-01
   4.1874999000000002e-01   9.9963314000000003e-01
   4.2000999999999999e-01   9.9969752000000001e-01
   8.1974871999999999e-01   1.0812500000000000e+00
   6.8022267999999997e-01   1.2989727000000000e+00
   1.8082860000000001e-01   9.2457858999999998e-01
   8.1909242999999998e-01   9.2377991000000004e-01
   1.7991570000000001e-01   1.0799156999999999e+00
   3.1977802000000000e-01   1.2989720000000000e+00
   8.0486981999999996e-01   6.2656248000000003e-01
   8.0048156999999998e-01   6.3076845000000004e-01
   4.3125001000000002e-01   1.0002302999999999e+00
   4.2985571000000000e-01   1.0001682000000001e+00
   8.3048761999999998e-01   1.0008001000000000e+00
   8.3048765000000002e-01   1.0007623000000001e+00
   8.3041697999999997e-01   1.0046875000000000e+00
   2.4525235000000001e-01   1.2234976000000000e+00
   2.4983114000000001e-01   1.2296875000000000e+00
   1.9910104000000001e-01   6.3058647000000001e-01
   1.9374999000000001e-01   6.2507763999999999e-01
   7.9994566000000000e-01   6.3119566999999999e-01
   1.7013080000000000e-01   9.8124999000000002e-01
   1.6951548000000000e-01   9.9920299999999995e-01
   1.6955249000000000e-01   9.9455249000000001e-01
   1.7351304000000001e-01   9.5476302000000002e-01
   2.4494144000000001e-01   9.7500001999999997e-01
   2.2992758999999999e-01   9.6899009000000003e-01
   2.4531249999999999e-01   9.7513053999999999e-01
   7.5482053999999998e-01   9.7513307000000005e-01
   7.6875000999999998e-01   9.6964338999999999e-01
   7.5597634000000002e-01   9.7472634000000002e-01
   8.3046958999999998e-01   9.9453208999999998e-01
   8.3046960000000003e-01   9.9453038999999999e-01
   8.3048593000000004e-01   9.9923594000000004e-01
   8.3003187000000000e-01   9.8090560999999998e-01
   1.6960562000000001e-01   1.0055430999999999e+00
   1.6952550999999999e-01   1.0007755000000000e+00
   1.7021823000000000e-01   1.0187500000000000e+00
   2.2608866999999999e-01   1.1942238000000001e+00
   5.7031250000000000e-01   1.0001644999999999e+00
   7.7391122000000001e-01   1.1942237000000000e+00
   5.7031250000000000e-01   1.3503672000000000e+00
   4.3065062999999998e-01   1.3505993999999999e+00
   7.5000000000000000e-01   1.2299116000000001e+00
   7.6978771999999995e-01   1.2010377000000001e+00
   7.5479225000000005e-01   1.2234375000000000e+00
   4.7021173999999999e-01   1.0014616999999999e+00
   8.2533374000000004e-01   1.0546875000000000e+00
   2.5057870999999998e-01   1.2306713000000000e+00
   1.7546091000000000e-01   9.4531250000000000e-01
   1.8061687000000001e-01   9.2563313999999997e-01
   1.7968750000000000e-01   9.3043010999999998e-01
   8.2005492999999996e-01   9.2994507000000004e-01
   8.1959196999999995e-01   9.2656249000000002e-01
   8.2428692999999997e-01   9.4446308000000001e-01
   1.7492795999999999e-01   1.0562499999999999e+00
   1.7470305000000000e-01   1.0549843999999999e+00
   1.9410243999999999e-01   1.1265624999999999e+00
   5.3112462000000005e-01   1.0014371000000000e+00
   8.0624998000000003e-01   1.1255763000000001e+00
   8.0471610000000005e-01   1.1297161000000000e+00
   3.2968751000000002e-01   1.3059497000000000e+00
   3.7383232000000000e-01   1.3308552000000000e+00
   7.4898063000000004e-01   1.2312500000000000e+00
   6.4889859999999999e-01   1.3192111000000000e+00
   6.2530803999999995e-01   1.3312500000000000e+00
   6.7013449999999997e-01   1.3060719999999999e+00
   1.9362317000000001e-01   5.9387681999999997e-01
   1.9861387000000000e-01   5.9357362999999996e-01
   8.0567451000000001e-01   5.9375000000000000e-01
   8.0138854999999998e-01   5.9357605999999996e-01
   8.0781250999999998e-01   5.9451717999999998e-01
   5.9275232000000000e-01   9.9900232000000000e-01
   4.0625000000000000e-01   9.9893745000000000e-01
   4.0725303000000002e-01   9.9899698999999997e-01
   6.8750000000000000e-01   1.2934820000000000e+00
   6.8873023000000000e-01   1.2925198000000000e+00
   3.0567398000000001e-01   9.8906249000000002e-01
   6.9520261999999999e-01   9.8895261000000001e-01
   1.8750000000000000e-01   1.1071839999999999e+00
   8.1234379999999995e-01   1.1076562999999999e+00
   3.1093748999999998e-01   1.2922579999999999e+00
   3.1177387000000001e-01   1.2929136000000001e+00
   4.4374998999999998e-01   1.0007296999999999e+00
   4.4288550999999998e-01   1.0006980000000001e+00
   3.5624999000000002e-01   9.9512942999999998e-01
   2.0727429999999999e-01   9.5571180000000000e-01
   7.9218750999999998e-01   9.5617609999999997e-01
   6.4359303000000001e-01   9.9515553000000001e-01
   2.0624999999999999e-01   1.1561147000000001e+00
   2.0636384999999999e-01   1.1563638000000001e+00
   5.5711142000000002e-01   1.0007010999999999e+00
   5.5695671999999996e-01   1.0007067000000001e+00
   7.9368536000000001e-01   1.1562500000000000e+00
   7.9370560000000001e-01   1.1562056000000001e+00
   4.5625000999999998e-01   1.0011306000000000e+00
   2.5606214999999999e-01   1.2376878000000000e+00
   2.5717105000000001e-01   1.2390625000000000e+00
   2.6170685999999999e-01   1.2445431000000000e+00
   1.9309485000000001e-01   9.4218749000000002e-01
   1.9410297000000001e-01   9.4339704000000002e-01
   3.4247826999999997e-01   9.9374998000000003e-01
   3.4221528000000001e-01   9.9372218999999995e-01
   3.3798723000000003e-01   9.9326276000000002e-01
   6.6133587999999999e-01   9.9335161000000005e-01
   6.5765214999999999e-01   9.9374998000000003e-01
   6.5638448000000005e-01   9.9388445999999997e-01
   8.0624998000000003e-01   9.4299918000000005e-01
   2.0059863999999999e-01   1.1431514000000000e+00
   5.4374999000000002e-01   1.0011327999999999e+00
   5.4258514000000002e-01   1.0011649000000000e+00
   7.9939850999999995e-01   1.1431484999999999e+00
   3.9251102999999998e-01   1.3387389999999999e+00
   5.3750001999999997e-01   1.3564605000000001e+00
   5.4269115999999995e-01   1.3557463000000001e+00
   5.8855466999999995e-01   1.3453124999999999e+00
   5.9249534999999998e-01   1.3440578000000001e+00
   5.9375000000000000e-01   1.3436471999999999e+00
   5.9484524999999999e-01   1.3432828000000001e+00
   4.0625000000000000e-01   1.3436463000000001e+00
   4.0632805999999999e-01   1.3436718999999999e+00
   4.1144897000000002e-01   1.3453124999999999e+00
   4.5682507000000000e-01   1.3556748999999999e+00
   4.6250001000000002e-01   1.3564598000000001e+00
   4.6094269999999998e-01   1.3562552000000001e+00
   7.3763690999999998e-01   1.2453125000000000e+00
   7.4324113000000003e-01   1.2385535999999999e+00
   7.4409018000000005e-01   1.2375000000000000e+00
   6.0748924000000004e-01   1.3387392000000000e+00
   2.2031250999999999e-01   6.1247898000000001e-01
   2.1753214000000001e-01   6.0746787000000002e-01
   8.1341454000000002e-01   6.0781251999999997e-01
   8.1346556000000003e-01   6.0528442999999998e-01
   8.0730721999999999e-01   6.2343751999999997e-01
   1.9305048999999999e-01   6.2413702000000004e-01
   1.8906250999999999e-01   6.1730074999999995e-01
   1.8639546000000001e-01   6.0579203000000004e-01
   1.8640899999999999e-01   6.0672150999999996e-01
   7.8241839999999996e-01   6.0741842999999995e-01
   7.8035021000000004e-01   6.1093748000000003e-01
   5.8239048000000004e-01   9.9957799000000003e-01
   4.1718750999999998e-01   9.9955143999999996e-01
   2.1929937999999999e-01   1.1822630999999999e+00
   2.1875000000000000e-01   1.1812499999999999e+00
   2.2493362000000000e-01   1.1922539000000001e+00
   7.8125000000000000e-01   1.1812499999999999e+00
   7.8070010000000001e-01   1.1822626000000001e+00
   8.2031250000000000e-01   8.9296651999999999e-01
   8.1956382000000005e-01   1.0819987000000000e+00
   8.1856724000000003e-01   1.0859375000000000e+00
   8.1795114000000002e-01   1.0882989000000001e+00
   2.9948038999999999e-01   1.2828124999999999e+00
   2.9230975999999997e-01   1.2764401999999999e+00
   6.8750000000000000e-01   1.2934820000000000e+00
   6.8646739999999995e-01   1.2942799000000000e+00
   1.7968750000000000e-01   8.9274558000000004e-01
   1.8072790999999999e-01   9.1354040999999997e-01
   1.8261663000000000e-01   9.1250001999999997e-01
   1.8168519999999999e-01   9.2456481000000001e-01
   1.8158427999999999e-01   9.1127177000000004e-01
   1.8199449000000001e-01   9.1175552000000004e-01
   2.9408053000000001e-01   9.8716946000000005e-01
   2.9275179000000001e-01   9.8693571000000002e-01
   7.0781249000000002e-01   9.8686527000000002e-01
   7.0594323000000003e-01   9.8719323000000003e-01
   8.1818122999999998e-01   9.2500000999999998e-01
   8.1838752000000003e-01   9.2379997999999997e-01
   1.8224030999999999e-01   1.0890625000000000e+00
   1.8148085000000000e-01   1.0861683000000000e+00
   1.8042263000000000e-01   1.0819851000000000e+00
   1.9341084000000000e-01   1.1246608000000000e+00
   1.8720733000000001e-01   1.1062500000000000e+00
   1.8690676000000001e-01   1.1052807000000000e+00
   8.1278428000000003e-01   1.1062500000000000e+00
   8.1291192000000001e-01   1.1058380999999999e+00
   8.0681948000000003e-01   1.1240070000000000e+00
   8.0657824000000000e-01   1.1246716999999999e+00
   3.1284774999999998e-01   1.2937500000000000e+00
   3.1265168999999998e-01   1.2935983000000000e+00
   7.0755699000000005e-01   1.2765625000000000e+00
   7.0107891000000000e-01   1.2823289000000000e+00
   2.0000000000000001e-01   6.3130321000000000e-01
   2.1994879000000001e-01   6.3244878999999998e-01
   4.3125001000000002e-01   1.0002302999999999e+00
   8.3006822999999996e-01   1.0136818000000001e+00
   8.2985469999999995e-01   1.0173547000000001e+00
   8.3033588000000003e-01   1.0071641000000000e+00
   8.3012828000000005e-01   1.0125000000000000e+00
   8.3017677000000001e-01   1.0114268000000000e+00
   2.3250158000000001e-01   1.2046874999999999e+00
   1.9996961999999999e-01   6.3128039000000002e-01
   1.9368916000000000e-01   6.2500000000000000e-01
   7.8006986000000000e-01   6.3243015999999996e-01
   1.6984230000000000e-01   9.8593748000000003e-01
   1.6979237000000000e-01   9.8697988000000003e-01
   1.7002285000000000e-01   9.8281251999999997e-01
   1.6958540999999999e-01   9.9291457000000005e-01
   1.6972699999999999e-01   9.8847700000000005e-01
   2.1727747000000000e-01   9.6241001000000004e-01
   2.1743035999999999e-01   9.6249998000000003e-01
   2.1925576999999999e-01   9.6355672999999997e-01
   2.4375000999999999e-01   9.7457954999999996e-01
   2.2641796000000000e-01   9.6733206000000005e-01
   2.3125000000000001e-01   9.6958922999999997e-01
   7.6828562000000000e-01   9.6984809999999999e-01
   7.5625001999999997e-01   9.7462959000000005e-01
   7.5712615999999999e-01   9.7431365999999997e-01
   7.8266418999999998e-01   9.6249998000000003e-01
   7.8275749999999999e-01   9.6244499999999999e-01
   8.3046682000000005e-01   9.8906249000000002e-01
   8.3048188000000001e-01   9.9298187999999998e-01
   8.3022439000000003e-01   9.8281251999999997e-01
   8.3010828999999997e-01   9.8167079999999995e-01
   8.3047075999999997e-01   9.8672075999999997e-01
   1.6980693999999999e-01   1.0114430999999999e+00
   1.6964853999999999e-01   1.0071485000000000e+00
   1.7012816000000000e-01   1.0173718000000000e+00
   1.6985454999999999e-01   1.0125000000000000e+00
   1.6991350999999999e-01   1.0136635000000001e+00
   2.1226507999999999e-01   1.1687500000000000e+00
   2.1182456999999999e-01   1.1678629000000000e+00
   2.2499999000000001e-01   1.1923675000000000e+00
   5.6850593000000005e-01   1.0002441000000000e+00
   7.7419095000000004e-01   1.1937500000000001e+00
   7.8765565999999998e-01   1.1689056000000000e+00
   7.8850787000000000e-01   1.1671875000000000e+00
   7.8713674000000000e-01   1.1699492000000000e+00
   5.6777664000000005e-01   1.3509734000000000e+00
   4.3222294999999999e-01   1.3509728999999999e+00
   7.6718748000000003e-01   1.2051771000000000e+00
   7.5735200999999996e-01   1.2198519999999999e+00
   4.6734593000000002e-01   1.0014041000000000e+00
   8.2480914000000005e-01   1.0576216000000001e+00
   8.2499999000000002e-01   1.0565587000000001e+00
   2.5125564000000000e-01   1.2315569000000000e+00
   2.7348473000000001e-01   1.2578125000000000e+00
   2.6750341999999999e-01   1.2512466000000000e+00
   2.8281251000000002e-01   1.2674004999999999e+00
   1.7610080000000000e-01   9.4264919000000003e-01
   1.8213198999999999e-01   9.2588199000000004e-01
   1.8622510000000000e-01   9.3252489000000005e-01
   3.3097647000000002e-01   9.9246104000000002e-01
   3.3689076000000001e-01   9.9314073999999997e-01
   3.3125000999999998e-01   9.9249343000000001e-01
   3.3237485000000000e-01   9.9262514000000002e-01
   2.6249999000000002e-01   9.8036365000000003e-01
   2.6967531000000000e-01   9.8217531999999996e-01
   2.6718751000000002e-01   9.8156867000000003e-01
   2.6320147999999999e-01   9.8054850999999998e-01
   7.3652706000000001e-01   9.8066041999999998e-01
   7.3683078000000002e-01   9.8058078000000004e-01
   7.3124999000000002e-01   9.8199225999999995e-01
   7.3058811999999995e-01   9.8215061999999997e-01
   7.3865424000000002e-01   9.8009575999999998e-01
   6.6763927000000001e-01   9.9263926000000002e-01
   6.6250001999999997e-01   9.9322337000000005e-01
   6.6343178999999997e-01   9.9311927000000000e-01
   6.7031251999999997e-01   9.9232456000000002e-01
   8.1376654999999998e-01   9.3251656999999999e-01
   8.1818122999999998e-01   9.2500000999999998e-01
   8.2398073000000005e-01   9.4320678000000002e-01
   1.7492795999999999e-01   1.0562499999999999e+00
   1.7517757000000000e-01   1.0576349000000000e+00
   5.3281248000000003e-01   1.0014023000000001e+00
   5.3138052000000002e-01   1.0014320000000001e+00
   3.4233012000000002e-01   1.3140624999999999e+00
   3.4961723000000000e-01   1.3183672000000000e+00
   3.3247697999999998e-01   1.3078125000000000e+00
   3.3080186000000000e-01   1.3066981000000000e+00
   3.7656251000000002e-01   1.3320977000000001e+00
   3.7490399000000002e-01   1.3313459999999999e+00
   3.5028658000000001e-01   1.3187500000000001e+00
   5.2498672000000002e-01   1.3577992000000001e+00
   5.3125000000000000e-01   1.3571968000000001e+00
   5.3629874000000000e-01   1.3566111999999999e+00
   5.2501573000000001e-01   1.3577967000000000e+00
   5.3069239000000001e-01   1.3572549000000000e+00
   4.7031251000000002e-01   1.3573594000000000e+00
   4.6930772999999998e-01   1.3572548000000000e+00
   4.7343749000000002e-01   1.3576600999999999e+00
   4.6370147000000000e-01   1.3566110000000000e+00
   4.6789691999999999e-01   1.3571031000000000e+00
   4.7501336000000000e-01   1.3577991000000000e+00
   7.1740212000000003e-01   1.2671874999999999e+00
   7.3249664999999997e-01   1.2512466000000000e+00
   7.4531250999999998e-01   1.2359667999999999e+00
   7.4874494000000003e-01   1.2315574000000000e+00
   6.4999998000000003e-01   1.3185868999999999e+00
   6.2509669000000001e-01   1.3313467000000001e+00
   6.2474240000000003e-01   1.3315075999999999e+00
   6.6919960999999994e-01   1.3066996000000000e+00
   6.4999998000000003e-01   1.3185868999999999e+00
   6.5088913999999998e-01   1.3180765999999999e+00
   3.9819106999999998e-01   9.9843751999999997e-01
   3.9695574000000000e-01   9.9835675999999995e-01
   5.9820271999999997e-01   9.9867229000000002e-01
   4.0179094999999998e-01   9.9866595999999996e-01
   6.0312498000000003e-01   9.9835799000000003e-01
   6.0158321999999997e-01   9.9845824000000005e-01
   4.9981344000000000e-01   1.0017491000000001e+00
   4.9705877999999998e-01   1.0017463000000000e+00
   5.0156248000000003e-01   1.0017488000000001e+00
   5.0294110000000003e-01   1.0017464000000000e+00
   5.0156248000000003e-01   1.0017488000000001e+00
   4.4774336999999997e-01   1.0008684000000001e+00
   2.0156249000000001e-01   9.5102315999999998e-01
   2.0268125000000001e-01   9.5200625999999999e-01
   7.9843748000000003e-01   9.5106539000000001e-01
   5.5242769999999997e-01   1.0008652000000000e+00
   4.5312500000000000e-01   1.0010399999999999e+00
   4.5211599000000002e-01   1.0010090000000000e+00
   1.9880271999999999e-01   9.4843750999999998e-01
   8.0139934999999995e-01   9.4827435999999998e-01
   8.0277620000000005e-01   9.4687498000000003e-01
   2.0262689000000000e-01   1.1479394000000001e+00
   2.0312500000000000e-01   1.1490923000000000e+00
   5.4788568000000004e-01   1.0010106999999999e+00
   7.9715502999999999e-01   1.1484375000000000e+00
   7.9736724999999997e-01   1.1479452000000001e+00
   2.2286146000000001e-01   6.2442397000000005e-01
   2.2288261000000001e-01   6.2242989000000004e-01
   7.7704178000000002e-01   6.2343751999999997e-01
   7.7707042999999998e-01   6.2238293000000000e-01
   7.7704178000000002e-01   6.2343751999999997e-01
   3.7655261000000001e-01   9.9688489000000002e-01
   3.7800131999999997e-01   9.9699868999999997e-01
   5.7669645999999997e-01   9.9986606000000000e-01
   4.2343751000000002e-01   9.9986832000000003e-01
   6.2200628999999996e-01   9.9700628999999996e-01
   6.2343751999999997e-01   9.9689388000000001e-01
   4.7657108999999998e-01   1.0015711000000000e+00
   4.7601969000000000e-01   1.0015624999999999e+00
   5.2344698000000001e-01   1.0015719999999999e+00
   5.2342772999999998e-01   1.0015723000000001e+00
   3.2361518000000000e-01   1.3017402000000000e+00
   3.2336471000000000e-01   1.3015625000000000e+00
   3.2249612000000000e-01   1.3009413999999999e+00
   6.7663708000000000e-01   1.3015625000000000e+00
   6.7659354000000005e-01   1.3015935999999999e+00
   6.7656249000000002e-01   1.3016156000000001e+00
   2.2246378999999999e-01   6.2715127999999998e-01
   2.2271775999999999e-01   6.2584275000000000e-01
   4.2803827999999999e-01   1.0000867000000000e+00
   8.2656251999999997e-01   1.0471942999999999e+00
   8.2660518000000005e-01   1.0469177000000001e+00
   2.4843749000000001e-01   1.2278339000000000e+00
   2.4789548000000000e-01   1.2271045000000000e+00
   7.7735323000000001e-01   6.2656248000000003e-01
   7.7722687000000001e-01   6.2566436000000003e-01
   7.7765174999999997e-01   6.2765174999999995e-01
   1.7391406000000001e-01   9.5264844999999998e-01
   2.5000000000000000e-01   9.7670137000000001e-01
   2.4787966000000000e-01   9.7600467000000002e-01
   7.5204769999999999e-01   9.7607730000000004e-01
   7.5014018000000005e-01   9.7670268000000005e-01
   8.2602978999999999e-01   9.5259229000000001e-01
   1.7337959999999999e-01   1.0469329000000001e+00
   1.7343750999999999e-01   1.0473075999999999e+00
   2.2784183000000000e-01   1.1971582000000001e+00
   5.7187498000000003e-01   1.0000937999999999e+00
   7.7215825000000005e-01   1.1971582000000001e+00
   7.5156248000000003e-01   1.2278353000000000e+00
   7.5143877000000003e-01   1.2280013000000001e+00
   4.7194325999999998e-01   1.0014943000000001e+00
   8.2192096000000003e-01   1.0719209999999999e+00
   8.2586618999999994e-01   1.0515625000000000e+00
   1.7509321999999999e-01   9.4696820999999998e-01
   1.7479291000000000e-01   9.4843750999999998e-01
   2.5226819000000000e-01   9.7741931000000004e-01
   2.5107876000000001e-01   9.7704623999999995e-01
   7.4895674000000001e-01   9.7708172000000004e-01
   7.4687499000000002e-01   9.7773091999999995e-01
   7.4776730000000002e-01   9.7745477999999997e-01
   8.2499999000000002e-01   9.4765513999999995e-01
   1.7425467000000000e-01   1.0523796999999999e+00
   1.7812499000000001e-01   1.0721909000000001e+00
   5.2805791999999996e-01   1.0014954000000000e+00
   3.2499999000000002e-01   1.3027195000000000e+00
   5.7805826999999999e-01   1.3483708000000001e+00
   5.7781028999999995e-01   1.3484375000000000e+00
   5.7310908000000005e-01   1.3496716000000000e+00
   4.2656249000000002e-01   1.3495880000000000e+00
   4.2317407000000001e-01   1.3487009000000001e+00
   4.2187500000000000e-01   1.3483514999999999e+00
   6.7476236999999994e-01   1.3028873999999999e+00
   1.8906250999999999e-01   5.9705825000000001e-01
   2.0987971999999999e-01   5.9894223000000002e-01
   7.8906250000000000e-01   5.9976094999999996e-01
   7.9045736000000000e-01   5.9860511000000005e-01
   8.1179175000000003e-01   5.9843749000000002e-01
   3.8839865000000001e-01   9.9777366999999995e-01
   3.9062500000000000e-01   9.9792990999999998e-01
   3.8963879000000001e-01   9.9786121000000005e-01
   5.9062499000000002e-01   9.9912619000000003e-01
   4.1009959000000001e-01   9.9916210000000005e-01
   6.0991353999999998e-01   9.9789896000000000e-01
   6.1182669999999995e-01   9.9776421000000004e-01
   4.8906249000000002e-01   1.0017100999999999e+00
   4.9046767000000002e-01   1.0017198000000000e+00
   4.8906249000000002e-01   1.0017100999999999e+00
   3.0265649999999999e-01   9.8859401000000002e-01
   3.1093748999999998e-01   9.8984534999999996e-01
   3.1002479999999999e-01   9.8971231000000004e-01
   2.9808468999999999e-01   9.8785281999999996e-01
   2.9705548999999998e-01   9.8768049999999996e-01
   7.0291234999999996e-01   9.8771266000000002e-01
   6.8976504999999999e-01   9.8976505999999997e-01
   6.8906248000000003e-01   9.8986728000000002e-01
   6.9790472000000003e-01   9.8852971999999995e-01
   1.8819467000000001e-01   1.1093750000000000e+00
   1.8852494000000000e-01   1.1103999000000000e+00
   5.1093750999999998e-01   1.0017107000000001e+00
   5.1236292000000005e-01   1.0016996000000000e+00
   5.1093750999999998e-01   1.0017107000000001e+00
   8.1082191999999997e-01   1.1123844000000001e+00
   8.1179725000000003e-01   1.1093750000000000e+00
   4.3963855000000002e-01   1.0005759999999999e+00
   2.1243612000000001e-01   9.5937501999999997e-01
   7.8755962999999995e-01   9.5943462999999995e-01
   5.5937499000000002e-01   1.0006168000000000e+00
   5.6170681000000000e-01   1.3523318000000000e+00
   5.6093751999999997e-01   1.3524959000000001e+00
   4.4023881999999998e-01   1.3527388000000000e+00
   4.3750000000000000e-01   1.3521612000000001e+00
   4.3829402000000001e-01   1.3523309999999999e+00
   4.5937498999999998e-01   1.0012156999999999e+00
   1.8999977000000001e-01   9.3812523000000003e-01
   1.9955776000000000e-01   1.1406250000000000e+00
   1.9923378999999999e-01   1.1398287000000000e+00
   5.4062498000000003e-01   1.0012175999999999e+00
   5.3937541000000000e-01   1.0012496000000000e+00
   8.0076318999999996e-01   1.1398257000000001e+00
   8.0073837999999997e-01   1.1398866000000001e+00
   3.9062500000000000e-01   1.3380068000000001e+00
   3.9705573999999999e-01   1.3404442999999999e+00
   6.0312498000000003e-01   1.3403791000000000e+00
   6.0973889000000003e-01   1.3378639000000001e+00
   2.1423009000000001e-01   6.0312498000000003e-01
   2.1340168000000001e-01   6.0222332000000001e-01
   8.1292439999999999e-01   6.1093748000000003e-01
   8.1318705000000002e-01   6.0243793000000001e-01
   8.1150321000000003e-01   6.1562501999999997e-01
   8.1181886999999997e-01   6.1474364000000004e-01
   1.8836310000000001e-01   6.1562501999999997e-01
   1.8670601000000001e-01   6.0235647999999997e-01
   1.8694258999999999e-01   6.1093748000000003e-01
   7.8655704999999998e-01   6.0218203999999997e-01
   7.8569080000000002e-01   6.0312498000000003e-01
   3.8526516000000000e-01   9.9754735000000005e-01
   3.8593750999999998e-01   9.9759598999999999e-01
   5.8493207000000003e-01   9.9944295000000005e-01
   4.1464707000000001e-01   9.9941544000000004e-01
   4.1506293999999999e-01   9.9943793999999997e-01
   6.1250000999999998e-01   9.9771642999999999e-01
   6.1474171000000000e-01   9.9755421000000000e-01
   2.2220296000000000e-01   1.1875000000000000e+00
   2.1550171000000001e-01   1.1751233000000001e+00
   2.2309266999999999e-01   1.1890624999999999e+00
   2.2263553000000000e-01   1.1882604999999999e+00
   7.7734906000000004e-01   1.1882866000000001e+00
   7.7736302999999995e-01   1.1882619999999999e+00
   7.7656250999999998e-01   1.1896654000000000e+00
   7.8449698999999995e-01   1.1751220000000000e+00
   7.7812499000000002e-01   1.1869149999999999e+00
   4.8606099000000003e-01   1.0016860000000001e+00
   4.8581629999999998e-01   1.0016837000000001e+00
   8.1557362000000000e-01   1.0969264000000001e+00
   8.1468101000000004e-01   1.1000000000000001e+00
   8.1493791999999998e-01   1.0991245999999999e+00
   6.9687498000000003e-01   1.2859145999999999e+00
   6.9855723000000003e-01   1.2844947000000000e+00
   3.1562500999999998e-01   9.9050532999999996e-01
   3.1367105000000001e-01   9.9023355999999996e-01
   2.8484923000000001e-01   9.8546325999999995e-01
   2.8615770000000001e-01   9.8571726999999998e-01
   2.9010417999999999e-01   9.8645832000000000e-01
   7.0992076999999998e-01   9.8648323999999998e-01
   7.1406250999999998e-01   9.8570641999999997e-01
   7.1517710000000001e-01   9.8548959000000003e-01
   6.8630477999999995e-01   9.9025775000000005e-01
   6.8703057999999995e-01   9.9015558999999997e-01
   6.8449042000000004e-01   9.9050959000000005e-01
   1.8504908000000000e-01   1.0991116000000001e+00
   1.8485128000000001e-01   1.0984375000000000e+00
   1.8956043000000000e-01   1.1135645999999999e+00
   1.9024890000000000e-01   1.1156250000000001e+00
   1.8995103999999999e-01   1.1147365000000000e+00
   1.8577595999999999e-01   1.1015625000000000e+00
   1.8545401000000000e-01   1.1004834999999999e+00
   5.1406251999999997e-01   1.0016855000000000e+00
   5.1551566000000004e-01   1.0016718000000000e+00
   5.1406251999999997e-01   1.0016855000000000e+00
   8.1428005000000003e-01   1.1013449000000000e+00
   8.1421520999999997e-01   1.1015625000000000e+00
   8.1381959999999998e-01   1.1028821000000000e+00
   8.0974409000000003e-01   1.1156250000000001e+00
   8.1070830999999999e-01   1.1127292000000000e+00
   3.0156249000000002e-01   1.2845958000000000e+00
   3.0297438999999998e-01   1.2857869000000000e+00
   2.0960624999999999e-01   6.3570625000000003e-01
   2.1241823000000001e-01   6.3585572999999995e-01
   2.1406249999999999e-01   6.3565837999999997e-01
   2.1259420000000001e-01   6.3584331999999999e-01
   2.1406249999999999e-01   6.3565837999999997e-01
   4.3552549000000002e-01   1.0004120000000001e+00
   8.2772228999999997e-01   1.0390625000000000e+00
   8.2758624999999997e-01   1.0400862000000000e+00
   8.2812500000000000e-01   1.0358552999999999e+00
   8.2794484000000002e-01   1.0373197999999999e+00
   2.3971049000000000e-01   1.2156250000000000e+00
   2.3881577000000001e-01   1.2143092000000000e+00
   2.3593750999999999e-01   1.2100027000000000e+00
   2.3630840000000000e-01   1.2105665999999999e+00
   7.8437500999999998e-01   6.3521983000000004e-01
   7.8730191999999999e-01   6.3573941000000000e-01
   7.8767350999999997e-01   6.3576401999999999e-01
   7.9030113999999996e-01   6.3561365999999997e-01
   1.7237188000000001e-01   9.6143436999999998e-01
   1.7226636000000001e-01   9.6210861999999997e-01
   1.7258918000000001e-01   9.6008919000000004e-01
   1.7196743000000000e-01   9.6415492999999997e-01
   1.7216328000000000e-01   9.6278827000000000e-01
   2.1342027000000000e-01   9.6001725000000004e-01
   2.1406249999999999e-01   9.6043261999999996e-01
   2.1533187000000001e-01   9.6123062000000004e-01
   2.3837205000000000e-01   9.7256545000000005e-01
   2.3807283000000001e-01   9.7244783999999995e-01
   2.3906250000000001e-01   9.7283554000000005e-01
   2.3725167999999999e-01   9.7212332999999995e-01
   7.5937498000000003e-01   9.7348319000000005e-01
   7.6053957999999999e-01   9.7303956999999996e-01
   7.6093750999999998e-01   9.7288726000000003e-01
   7.7775510999999997e-01   9.6525510999999997e-01
   7.8522559000000003e-01   9.6093750000000000e-01
   7.8566267000000001e-01   9.6066267999999999e-01
   7.8721618000000004e-01   9.5965884999999995e-01
   8.2803967999999994e-01   9.6397719000000004e-01
   8.2812500000000000e-01   9.6451103999999999e-01
   8.2741242000000004e-01   9.6022492000000004e-01
   8.2753613000000004e-01   9.6093750000000000e-01
   1.7203894000000000e-01   1.0373361000000001e+00
   1.7225992000000001e-01   1.0390625000000000e+00
   1.7208623000000001e-01   1.0377111999999999e+00
   2.1383532999999999e-01   1.1718750000000000e+00
   2.1443802000000001e-01   1.1730620000000000e+00
   2.1462938000000001e-01   1.1734374999999999e+00
   2.1028593000000001e-01   1.1647141000000001e+00
   2.0997023000000001e-01   1.1640625000000000e+00
   5.6524152000000005e-01   1.0003835000000001e+00
   7.9062498000000003e-01   1.1628072000000000e+00
   7.8946459000000002e-01   1.1652229000000001e+00
   7.8503034000000005e-01   1.1740927999999999e+00
   7.8475927000000001e-01   1.1746156999999999e+00
   7.8593749000000002e-01   1.1723211000000000e+00
   5.6554963999999996e-01   1.3514870999999999e+00
   5.6521303000000001e-01   1.3515625000000000e+00
   5.6299217999999995e-01   1.3520547000000001e+00
   4.3700879999999998e-01   1.3520536999999999e+00
   4.3572809000000001e-01   1.3517718999999999e+00
   4.3437499000000002e-01   1.3514695999999999e+00
   7.6369222000000003e-01   1.2105672000000001e+00
   7.6093750999999998e-01   1.2146740000000000e+00
   7.6055265999999999e-01   1.2152402000000000e+00
   4.6428850999999999e-01   1.0013365000000001e+00
   8.2436496999999997e-01   1.0600099999999999e+00
   8.2343750999999998e-01   1.0647495000000000e+00
   8.2329092000000004e-01   1.0654783999999999e+00
   2.6406248999999998e-01   1.2472908000000000e+00
   2.6458985000000002e-01   1.2479100999999999e+00
   2.7500001000000002e-01   1.2594220000000000e+00
   2.8889829000000000e-01   1.2732733000000001e+00
   2.8907223999999998e-01   1.2734375000000000e+00
   2.8987448999999998e-01   1.2741880000000001e+00
   2.7795424000000002e-01   1.2625000000000000e+00
   2.8746144000000001e-01   1.2719136000000000e+00
   2.7795424000000002e-01   1.2625000000000000e+00
   1.7711941000000000e-01   9.3850557000000001e-01
   1.7660571000000000e-01   9.4062500999999998e-01
   1.7689230000000000e-01   9.3939229000000002e-01
   1.7812499000000001e-01   9.3487025999999995e-01
   1.7755409999999999e-01   9.3692911999999995e-01
   1.8849067999999999e-01   9.3593751999999997e-01
   1.8935325000000000e-01   9.3720926000000004e-01
   8.1044459000000002e-01   9.3750000000000000e-01
   8.1190192000000005e-01   9.3533942999999997e-01
   8.2254572000000004e-01   9.3750000000000000e-01
   8.2204895000000000e-01   9.3576355000000000e-01
   8.2296784999999995e-01   9.3906248000000003e-01
   8.2332156999999995e-01   9.4050906999999995e-01
   8.2296784999999995e-01   9.3906248000000003e-01
   1.7669715999999999e-01   1.0654903000000000e+00
   1.7549924000000000e-01   1.0593750000000000e+00
   1.7566846999999999e-01   1.0602689999999999e+00
   1.9829753000000000e-01   1.1375000000000000e+00
   1.9744930999999999e-01   1.1353632000000000e+00
   5.3457389000000000e-01   1.0013635999999999e+00
   8.0280874000000002e-01   1.1346913000000001e+00
   8.0169809000000003e-01   1.1375000000000000e+00
   8.0210482000000005e-01   1.1364798000000000e+00
   3.3486443999999999e-01   1.3093750000000000e+00
   3.3646812999999998e-01   1.3104069000000000e+00
   3.8593750999999998e-01   1.3361255000000001e+00
   3.8469819000000000e-01   1.3356143000000000e+00
   3.6490285000000000e-01   1.3265625000000001e+00
   3.6538450000000000e-01   1.3268030000000000e+00
   3.6021124999999998e-01   1.3241638000000000e+00
   7.2272736000000004e-01   1.2617898999999999e+00
   7.2354892999999998e-01   1.2609375000000000e+00
   7.1253845000000005e-01   1.2719134999999999e+00
   7.0937501999999997e-01   1.2748879000000000e+00
   7.1093282000000002e-01   1.2734327999999999e+00
   7.1110079999999998e-01   1.2732741999999999e+00
   7.2501926000000005e-01   1.2593942000000000e+00
   7.3495675999999999e-01   1.2484375000000001e+00
   7.3540791000000005e-01   1.2479079000000000e+00
   6.3906251999999997e-01   1.3245431000000001e+00
   6.4002055000000002e-01   1.3240419999999999e+00
   6.3593750999999998e-01   1.3261421000000000e+00
   6.1085931000000004e-01   1.3374218000000000e+00
   6.1451719000000005e-01   1.3359375000000000e+00
   6.1419520999999999e-01   1.3360702000000000e+00
   6.6406250000000000e-01   1.3100681999999999e+00
   6.5969593000000004e-01   1.3128209000000000e+00
   2.0156249000000001e-01   5.9421970999999996e-01
   2.0515601000000000e-01   5.9578098999999995e-01
   2.0424074000000000e-01   5.9531248000000003e-01
   2.0347666000000000e-01   5.9496081999999995e-01
   7.9568936000000001e-01   5.9531248000000003e-01
   7.9543242000000003e-01   5.9543237999999998e-01
   7.9531251999999997e-01   5.9549001000000001e-01
   7.9772608000000000e-01   5.9446140000000003e-01
   3.9402480000000001e-01   9.9816271999999995e-01
   3.9678293999999997e-01   9.9834546000000002e-01
   5.9531248000000003e-01   9.9884982000000000e-01
   5.9653783999999999e-01   9.9877468000000003e-01
   4.0468748999999998e-01   9.9884384999999998e-01
   6.0451648999999996e-01   9.9826649999999995e-01
   6.0488291000000005e-01   9.9824212000000001e-01
   4.9549244999999997e-01   1.0017423999999999e+00
   4.9375001000000002e-01   1.0017365000000000e+00
   4.9513364999999998e-01   1.0017414000000000e+00
   5.0625001999999997e-01   1.0017366000000001e+00
   5.0330814999999995e-01   1.0017456000000000e+00
   4.4606403000000000e-01   1.0008109999999999e+00
   3.5259119999999999e-01   9.9477868999999997e-01
   3.5468750999999998e-01   9.9498081000000005e-01
   3.5356456000000003e-01   9.9487294999999998e-01
   2.0400175000000001e-01   9.5312500000000000e-01
   2.0524016000000000e-01   9.5413482999999999e-01
   7.9412590000000005e-01   9.5468748000000003e-01
   7.9564882999999997e-01   9.5346131000000001e-01
   6.4687501999999997e-01   9.9484284000000001e-01
   6.4566610000000002e-01   9.9495889999999998e-01
   6.4687501999999997e-01   9.9484284000000001e-01
   2.0483390000000001e-01   1.1529786000000000e+00
   2.0351844999999999e-01   1.1499999999999999e+00
   2.0387527999999999e-01   1.1508122000000001e+00
   2.0489905000000000e-01   1.1531250000000000e+00
   5.5393875000000004e-01   1.0008136999999999e+00
   7.9468042000000005e-01   1.1540554000000001e+00
   7.9616715999999998e-01   1.1507077999999999e+00
   7.9531251999999997e-01   1.1526411999999999e+00
   7.9516366999999999e-01   1.1529761999999999e+00
   5.5468750000000000e-01   1.3537405000000000e+00
   5.5585857999999999e-01   1.3535164000000000e+00
   5.5156249000000002e-01   1.3543117000000000e+00
   5.5012570999999999e-01   1.3545617999999999e+00
   5.5156249000000002e-01   1.3543117000000000e+00
   4.4797856000000003e-01   1.3542285000000001e+00
   4.4875788000000000e-01   1.3543670999999999e+00
   4.4414071999999999e-01   1.3535157000000000e+00
   4.4687501000000002e-01   1.3540299000000000e+00
   4.4606754999999998e-01   1.3538800000000000e+00
   4.5312500000000000e-01   1.0010399999999999e+00
   1.9556316000000001e-01   9.4506184000000004e-01
   1.9687500999999999e-01   9.4647771000000003e-01
   3.4645873999999999e-01   9.9416625999999997e-01
   3.4787669999999998e-01   9.9431079000000000e-01
   3.4738599999999997e-01   9.9426099000000001e-01
   6.5259970000000000e-01   9.9427529000000003e-01
   6.5434017000000000e-01   9.9409733000000000e-01
   8.0312501999999997e-01   9.4650884000000002e-01
   8.0370244999999996e-01   9.4588992999999999e-01
   2.0216811000000001e-01   1.1468750000000001e+00
   2.0152307000000000e-01   1.1453519000000001e+00
   2.0351844999999999e-01   1.1499999999999999e+00
   5.4636927999999996e-01   1.0010568000000000e+00
   7.9687500000000000e-01   1.1490847000000000e+00
   7.9847486999999995e-01   1.1453499000000000e+00
   5.4687500000000000e-01   1.3551036999999999e+00
   5.4824616999999998e-01   1.3548788000000000e+00
   5.4531251999999997e-01   1.3553506000000000e+00
   5.4638076999999996e-01   1.3551816999999999e+00
   4.5468751000000002e-01   1.3553504999999999e+00
   4.5008914999999999e-01   1.3545982999999999e+00
   4.5312500000000000e-01   1.3551032999999999e+00
   2.2277135000000001e-01   6.2097864999999997e-01
   2.2270034999999999e-01   6.2031250999999998e-01
   7.7738825000000000e-01   6.1948674999999997e-01
   7.7708447999999997e-01   6.2187499000000002e-01
   7.7717955999999999e-01   6.2092955999999999e-01
   3.7945139000000000e-01   9.9711110000000003e-01
   3.7826959999999998e-01   9.9701958999999996e-01
   3.8090278999999999e-01   9.9722219999999995e-01
   5.7941821999999998e-01   9.9973073999999995e-01
   4.2031248999999998e-01   9.9971297999999997e-01
   6.1910452999999999e-01   9.9722953999999997e-01
   6.2187499000000002e-01   9.9701660000000003e-01
   6.2055603000000004e-01   9.9711852000000001e-01
   4.7968750999999998e-01   1.0016148000000000e+00
   4.8117847000000002e-01   1.0016339999999999e+00
   4.7968750999999998e-01   1.0016148000000000e+00
   8.2016334000000002e-01   1.0795383000000001e+00
   8.2086882000000005e-01   1.0765625000000001e+00
   8.2105821999999995e-01   1.0757456999999999e+00
   8.2086882000000005e-01   1.0765625000000001e+00
   2.9725255000000000e-01   1.2808724000000000e+00
   2.9591148000000000e-01   1.2796875000000001e+00
   2.9642237999999999e-01   1.2801400999999999e+00
   2.9416514999999999e-01   1.2781250000000000e+00
   6.7931969999999997e-01   1.2996322000000000e+00
   1.8113404000000000e-01   9.2187500000000000e-01
   1.8112416000000001e-01   9.2200084999999998e-01
   8.1883563000000004e-01   9.2187500000000000e-01
   8.1900777000000002e-01   9.2317972999999998e-01
   1.7911847000000000e-01   1.0765625000000001e+00
   1.7942443000000000e-01   1.0778619000000000e+00
   1.7911847000000000e-01   1.0765625000000001e+00
   1.7952512000000001e-01   1.0782874000000000e+00
   5.2031249000000002e-01   1.0016162000000000e+00
   5.2184211999999996e-01   1.0015954000000000e+00
   5.2031249000000002e-01   1.0016162000000000e+00
   3.1887710000000002e-01   1.2983104000000001e+00
   3.2187501000000002e-01   1.3004955000000000e+00
   7.0605362000000005e-01   1.2779286000000001e+00
   7.0408985999999996e-01   1.2796875000000001e+00
   7.0440623999999996e-01   1.2794063000000000e+00
   7.0231745000000001e-01   1.2812500000000000e+00
   6.7841342999999998e-01   1.3002883999999999e+00
   2.2187499999999999e-01   6.2901772000000000e-01
   2.2169219000000001e-01   6.2950468000000004e-01
   2.2116495999999999e-01   6.3053996000000001e-01
   8.0478514999999995e-01   6.2666014000000003e-01
   8.0342829000000004e-01   6.2812500999999998e-01
   8.0248123000000005e-01   6.2904371999999997e-01
   8.0178640000000001e-01   6.2968749000000002e-01
   4.2953365999999998e-01   1.0001538000000001e+00
   8.2954154000000002e-01   1.0217290999999999e+00
   8.2965089000000003e-01   1.0202758999999999e+00
   8.2930161000000002e-01   1.0246141000000000e+00
   8.2951649999999999e-01   1.0220460000000000e+00
   8.3046235000000002e-01   1.0031250000000000e+00
   8.3047477000000003e-01   1.0023377000000000e+00
   8.3046235000000002e-01   1.0031250000000000e+00
   8.2689805000000005e-01   1.0449770000000000e+00
   8.2681110999999996e-01   1.0455611000000000e+00
   8.2906683000000003e-01   1.0271832000000001e+00
   8.2926844000000000e-01   1.0249999999999999e+00
   8.2917302999999998e-01   1.0260480000000001e+00
   8.2865482000000001e-01   1.0312500000000000e+00
   8.2889747999999996e-01   1.0289150000000000e+00
   2.4494081000000001e-01   1.2230658000000001e+00
   2.4591003000000000e-01   1.2244025000000001e+00
   2.4408360000000001e-01   1.2218750000000000e+00
   2.3081061000000000e-01   1.2020019000000000e+00
   2.4931331000000001e-01   1.2290007999999999e+00
   2.4923197999999999e-01   1.2288930000000000e+00
   1.9803736999999999e-01   6.2968749000000002e-01
   1.9743425000000001e-01   6.2912825999999999e-01
   1.9640804000000001e-01   6.2812500999999998e-01
   1.9587610999999999e-01   6.2756139000000000e-01
   7.7868340000000003e-01   6.3024590000000003e-01
   7.7883926000000003e-01   6.3053574999999995e-01
   7.7812499000000002e-01   6.2904932000000002e-01
   1.7025318000000000e-01   9.7962819999999995e-01
   1.7037393000000001e-01   9.7812498000000003e-01
   1.7052733000000000e-01   9.7634765999999995e-01
   1.7049178000000001e-01   9.7674179000000005e-01
   1.6951831000000001e-01   9.9764332000000000e-01
   1.6953104999999999e-01   9.9609354999999999e-01
   1.6953103999999999e-01   9.9609395000000001e-01
   1.7352632000000001e-01   9.5468748000000003e-01
   1.7375901999999999e-01   9.5344651000000002e-01
   1.7097903000000000e-01   9.7187500999999998e-01
   1.7069176999999999e-01   9.7462073999999999e-01
   1.7115911000000000e-01   9.7031248000000003e-01
   1.7106583000000000e-01   9.7112166000000000e-01
   3.7077155000000001e-01   9.9641595000000005e-01
   3.7147416999999999e-01   9.9647417000000005e-01
   3.6932976000000001e-01   9.9629524999999997e-01
   3.7365936999999999e-01   9.9665311000000001e-01
   3.7343748999999998e-01   9.9663519000000000e-01
   2.2959776000000001e-01   9.6883973999999995e-01
   2.4531249999999999e-01   9.7513053999999999e-01
   7.5365926999999999e-01   9.7553427999999998e-01
   7.7031249000000002e-01   9.6893541999999999e-01
   6.2779350000000000e-01   9.9654348999999998e-01
   6.2500000000000000e-01   9.9676995999999995e-01
   6.2634884000000002e-01   9.9666135000000000e-01
   6.3125001999999997e-01   9.9625638000000005e-01
   6.2923700000000005e-01   9.9642450000000005e-01
   8.2914270000000001e-01   9.7133020999999997e-01
   8.2890160999999996e-01   9.6952660999999996e-01
   8.2937824999999998e-01   9.7343749000000002e-01
   8.2950115999999996e-01   9.7481368999999995e-01
   8.2937824999999998e-01   9.7343749000000002e-01
   8.2620428999999995e-01   9.5348321999999996e-01
   8.2656251999999997e-01   9.5543257999999998e-01
   8.3047053000000004e-01   9.9609196000000000e-01
   8.3048348000000005e-01   9.9843751999999997e-01
   8.2976545000000002e-01   9.7804701000000005e-01
   8.2968748000000003e-01   9.7708302000000002e-01
   8.2953069999999995e-01   9.7515680000000005e-01
   8.2978019000000003e-01   9.7821769000000003e-01
   1.7108429000000000e-01   1.0289157000000000e+00
   1.7132691999999999e-01   1.0312500000000000e+00
   1.7123002000000001e-01   1.0303325000000001e+00
   1.7071322000000000e-01   1.0249999999999999e+00
   1.7094432000000001e-01   1.0274932000000001e+00
   1.7335877000000000e-01   1.0467963000000000e+00
   1.7297255000000000e-01   1.0442149999999999e+00
   1.6955505000000001e-01   1.0031250000000000e+00
   1.6957100000000000e-01   1.0039460000000000e+00
   1.6955505000000001e-01   1.0031250000000000e+00
   1.7055893999999999e-01   1.0231910000000000e+00
   1.7060421000000001e-01   1.0237292000000000e+00
   1.7033285000000001e-01   1.0202921000000000e+00
   1.7033614000000000e-01   1.0203362000000000e+00
   2.2667001000000001e-01   1.1952050000000001e+00
   2.2699048999999999e-01   1.1957405000000001e+00
   2.2902159000000000e-01   1.1991034000000000e+00
   2.2861409999999999e-01   1.1984375000000000e+00
   5.7177677999999998e-01   1.0000982000000000e+00
   7.7187501999999997e-01   1.1976283000000001e+00
   7.7061137999999996e-01   1.1997011000000000e+00
   7.7326598000000002e-01   1.1953125000000000e+00
   7.7274487999999997e-01   1.1961824000000001e+00
   5.7031250000000000e-01   1.3503672000000000e+00
   4.2939333000000002e-01   1.3502942000000000e+00
   7.5312500999999998e-01   1.2257229000000001e+00
   7.5069054999999996e-01   1.2289969000000001e+00
   7.7042792000000004e-01   1.2000000000000000e+00
   7.6918958000000004e-01   1.2020021000000001e+00
   7.5468749000000002e-01   1.2235821000000000e+00
   7.5506313999999997e-01   1.2230619000000000e+00
   4.7187500999999998e-01   1.0014931000000000e+00
   4.7040947999999999e-01   1.0014654999999999e+00
   8.2123095000000002e-01   1.0750000000000000e+00
   8.2150071999999996e-01   1.0738118000000001e+00
   8.2193110999999996e-01   1.0718749999999999e+00
   8.2238480000000003e-01   1.0698027000000001e+00
   8.2533374000000004e-01   1.0546875000000000e+00
   2.7195697000000002e-01   1.2561680000000000e+00
   2.7031249000000002e-01   1.2543728999999999e+00
   2.7046237000000001e-01   1.2545375999999999e+00
   2.6875000999999998e-01   1.2526425999999999e+00
   1.7514481000000001e-01   9.4673017000000004e-01
   1.8028463000000000e-01   9.2812501999999997e-01
   1.8034921000000001e-01   9.2722420999999999e-01
   1.7999214999999999e-01   9.2968750000000000e-01
   1.8022158999999999e-01   9.2865909999999996e-01
   2.5457830999999997e-01   9.7812498000000003e-01
   2.5586670000000000e-01   9.7850826999999996e-01
   7.4520185000000005e-01   9.7823563999999996e-01
   7.4416777999999995e-01   9.7854277999999995e-01
   7.4557081999999997e-01   9.7812498000000003e-01
   8.1965650999999995e-01   9.2878101000000002e-01
   8.2055825999999998e-01   9.3124998000000003e-01
   8.1956118000000000e-01   9.2731383000000001e-01
   8.2483879000000004e-01   9.4687498000000003e-01
   8.2458390000000004e-01   9.4572858999999998e-01
   1.7438000000000001e-01   1.0531250000000001e+00
   1.7759779000000001e-01   1.0697852999999999e+00
   1.7771118000000000e-01   1.0703125000000000e+00
   1.7863920999999999e-01   1.0744857999999999e+00
   1.7840127000000000e-01   1.0734375000000000e+00
   1.9485288000000001e-01   1.1285845999999999e+00
   1.9585743999999999e-01   1.1312500000000001e+00
   1.9442889999999999e-01   1.1274461000000000e+00
   5.2968751999999997e-01   1.0014650000000000e+00
   5.2819453999999999e-01   1.0014928999999999e+00
   8.0556673000000001e-01   1.1274417000000001e+00
   8.0428834999999999e-01   1.1308507999999999e+00
   8.0531374000000000e-01   1.1281250000000000e+00
   3.2874778999999998e-01   1.3053102999999999e+00
   3.2656248999999998e-01   1.3038088999999999e+00
   3.2708201999999997e-01   1.3041680000000000e+00
   3.7187499000000002e-01   1.3299433000000001e+00
   3.7276506999999998e-01   1.3303598999999999e+00
   3.6875001000000002e-01   1.3284552999999999e+00
   3.7063908000000001e-01   1.3293609000000000e+00
   3.5306335000000000e-01   1.3203125000000000e+00
   3.5310293999999998e-01   1.3203346000000000e+00
   3.5468750999999998e-01   1.3212101000000001e+00
   3.5320180000000001e-01   1.3203893000000000e+00
   3.5591010000000001e-01   1.3218749999999999e+00
   5.7928440999999997e-01   1.3480344000000000e+00
   5.8040221999999997e-01   1.3477228000000001e+00
   5.7186028000000000e-01   1.3499852999999999e+00
   4.2820146999999997e-01   1.3500000000000001e+00
   4.1959661999999998e-01   1.3477216000000001e+00
   4.2071614000000002e-01   1.3480338999999999e+00
   7.3102104999999995e-01   1.2528961000000001e+00
   7.2939725000000000e-01   1.2546875000000000e+00
   7.2953577000000003e-01   1.2545358000000000e+00
   7.2796172000000003e-01   1.2562500000000001e+00
   6.4386856999999997e-01   1.3219936000000001e+00
   6.4680236999999996e-01   1.3203852000000000e+00
   6.4488087999999999e-01   1.3214433999999999e+00
   6.4693341000000004e-01   1.3203125000000000e+00
   6.4789863999999997e-01   1.3197736000000000e+00
   6.2968749000000002e-01   1.3292073000000000e+00
   6.3061175999999997e-01   1.3287633000000001e+00
   6.2656248000000003e-01   1.3306746000000000e+00
   6.2764173000000001e-01   1.3301708000000001e+00
   6.7343748000000003e-01   1.3038106000000000e+00
   6.7384180000000005e-01   1.3035292999999999e+00
   6.7124569000000001e-01   1.3053167999999999e+00
   1.8994198000000001e-01   5.9619197999999995e-01
   1.9098448000000001e-01   5.9531248000000003e-01
   1.9168125999999999e-01   5.9480624999999998e-01
   1.9715255000000001e-01   5.9347245999999998e-01
   1.9552253999999999e-01   5.9353995999999998e-01
   2.0781250000000001e-01   5.9738340000000001e-01
   2.0842706999999999e-01   5.9782292000000004e-01
   2.0624999999999999e-01   5.9638939000000002e-01
   7.9342056999999999e-01   5.9654558000000002e-01
   7.9066517000000003e-01   5.9843749000000002e-01
   7.9154110000000000e-01   5.9779110000000002e-01
   8.0312501999999997e-01   5.9347307000000005e-01
   8.0451344999999996e-01   5.9357594999999996e-01
   8.0312501999999997e-01   5.9347307000000005e-01
   8.0829229999999996e-01   5.9483269000000005e-01
   8.0937499000000002e-01   5.9564218000000002e-01
   3.9175817000000002e-01   9.9800818000000002e-01
   3.9375000999999998e-01   9.9814422999999997e-01
   3.9256170000000001e-01   9.9806331999999998e-01
   5.9218751999999997e-01   9.9903564000000000e-01
   4.0844164999999999e-01   9.9906664999999995e-01
   6.0655815000000002e-01   9.9812935999999997e-01
   6.0890643000000000e-01   9.9796894000000003e-01
   4.9218750000000000e-01   1.0017292000000000e+00
   4.9357682000000003e-01   1.0017357000000000e+00
   4.9218750000000000e-01   1.0017292000000000e+00
   6.9257809999999997e-01   1.2894531000000000e+00
   6.9112163999999998e-01   1.2906249999999999e+00
   6.8997514999999998e-01   1.2915376999999999e+00
   6.8915369000000004e-01   1.2921875000000000e+00
   3.0617374000000003e-01   9.8913876999999994e-01
   3.0312498999999998e-01   9.8866838000000001e-01
   3.0819298000000001e-01   9.8944297000000003e-01
   3.0753078000000000e-01   9.8934423000000005e-01
   2.9674661000000002e-01   9.8762839000000002e-01
   7.0312500000000000e-01   9.8767727999999999e-01
   6.9248926000000000e-01   9.8936426000000000e-01
   6.9178033999999999e-01   9.8946964999999998e-01
   6.9655504000000001e-01   9.8874255000000000e-01
   6.9375001999999997e-01   9.8917412999999998e-01
   1.8802669999999999e-01   1.1088483000000000e+00
   5.0781250000000000e-01   1.0017296000000000e+00
   5.0921561999999998e-01   1.0017218999999999e+00
   5.0781250000000000e-01   1.0017296000000000e+00
   8.1219885000000003e-01   1.1081137000000001e+00
   3.1093748999999998e-01   1.2922579999999999e+00
   3.1002558000000002e-01   1.2915369000000001e+00
   3.0887999999999999e-01   1.2906249999999999e+00
   3.0742271999999998e-01   1.2894523000000000e+00
   4.4218749000000002e-01   1.0006725000000001e+00
   3.5784638000000002e-01   9.9527862000000000e-01
   3.5937500000000000e-01   9.9542028999999999e-01
   3.6121235000000002e-01   9.9558734999999998e-01
   3.6070820999999997e-01   9.9554180999999997e-01
   2.0788981000000001e-01   9.5617269999999999e-01
   2.0799572999999999e-01   9.5625000999999998e-01
   2.1153895000000000e-01   9.5877356000000002e-01
   2.1015445999999999e-01   9.5781249000000002e-01
   7.9033666999999996e-01   9.5752417999999995e-01
   7.8992888999999999e-01   9.5781249000000002e-01
   7.8849265999999996e-01   9.5880516000000005e-01
   7.9218750999999998e-01   9.5617609999999997e-01
   6.3930145999999999e-01   9.9555145000000000e-01
   6.3749999000000002e-01   9.9571354999999995e-01
   6.3877607999999997e-01   9.9559894000000004e-01
   6.4218748000000003e-01   9.9528698000000004e-01
   2.0777237000000001e-01   1.1594150999999999e+00
   2.0781250000000001e-01   1.1595011000000000e+00
   2.0877081000000000e-01   1.1615416999999999e+00
   2.0770250000000001e-01   1.1592650000000000e+00
   5.5873415000000004e-01   1.0006408000000000e+00
   7.9224298999999998e-01   1.1593750000000000e+00
   7.9272180000000003e-01   1.1583467999999999e+00
   7.9077098999999995e-01   1.1625000000000001e+00
   7.9172812999999997e-01   1.1604781000000000e+00
   5.5780130000000006e-01   1.3531362000000000e+00
   5.5651459999999997e-01   1.3533896000000001e+00
   5.5785731000000005e-01   1.3531249999999999e+00
   4.4087974000000002e-01   1.3528703000000000e+00
   4.4218749000000002e-01   1.3531336000000000e+00
   4.4219816000000001e-01   1.3531356999999999e+00
   4.5819098000000003e-01   1.0011840000000001e+00
   2.6027694000000001e-01   1.2428481000000000e+00
   2.5937501000000002e-01   1.2417616000000000e+00
   2.5886244000000003e-01   1.2411376000000001e+00
   2.5717105000000001e-01   1.2390625000000000e+00
   2.6242669000000002e-01   1.2453858000000000e+00
   1.9067138000000000e-01   9.3906248000000003e-01
   1.9065176000000000e-01   9.3903572000000002e-01
   1.9218750000000001e-01   9.4105333999999996e-01
   1.9269027999999999e-01   9.4168470999999998e-01
   3.4080413999999998e-01   9.9357083000000002e-01
   3.3939478000000001e-01   9.9341771000000001e-01
   6.6093749000000002e-01   9.9339551000000004e-01
   6.5920816000000004e-01   9.9358314000000003e-01
   8.0781250999999998e-01   9.4106782000000000e-01
   8.0800693000000001e-01   9.4081943000000001e-01
   8.0933246000000003e-01   9.3906248000000003e-01
   8.0920555000000005e-01   9.3923192000000000e-01
   1.9955776000000000e-01   1.1406250000000000e+00
   2.0014114999999999e-01   1.1420463999999999e+00
   5.4062498000000003e-01   1.0012175999999999e+00
   7.9985594999999998e-01   1.1420433999999999e+00
   3.9335946999999999e-01   1.3390625000000000e+00
   3.9145550000000001e-01   1.3383305000000001e+00
   3.9755401000000001e-01   1.3406250000000000e+00
   3.9935140000000002e-01   1.3412736000000001e+00
   3.9591418000000000e-01   1.3400232999999999e+00
   3.9648369999999999e-01   1.3402337000000000e+00
   3.9531249000000002e-01   1.3398002000000000e+00
   5.0844043000000005e-01   1.3587471000000000e+00
   5.0781250000000000e-01   1.3587657000000000e+00
   5.1175700999999996e-01   1.3586320000000001e+00
   5.0937498000000003e-01   1.3587193000000000e+00
   5.1025133000000000e-01   1.3586887999999999e+00
   5.0312500999999998e-01   1.3588529000000000e+00
   5.0105478000000003e-01   1.3588673000000000e+00
   5.0468749000000002e-01   1.3588325000000001e+00
   5.0365399000000000e-01   1.3588460000000000e+00
   5.3906250000000000e-01   1.3562548999999999e+00
   5.4086732000000004e-01   1.3560076999999999e+00
   5.3909854999999995e-01   1.3562500000000000e+00
   5.9013097999999997e-01   1.3448184999999999e+00
   5.8749998000000003e-01   1.3456385000000000e+00
   5.9131500999999997e-01   1.3444400000000001e+00
   5.9687500999999998e-01   1.3425947000000000e+00
   5.9833954000000000e-01   1.3420894999999999e+00
   5.9864081000000002e-01   1.3419842000000000e+00
   5.9601336000000005e-01   1.3428884000000001e+00
   4.0312499000000002e-01   1.3425933999999999e+00
   4.0398742999999998e-01   1.3428876000000001e+00
   4.0000001000000002e-01   1.3415062000000000e+00
   4.0166094000000002e-01   1.3420890999999999e+00
   4.0937500999999998e-01   1.3446612000000000e+00
   4.0841393999999998e-01   1.3443514000000001e+00
   4.1093749000000002e-01   1.3451542000000001e+00
   4.0986982000000000e-01   1.3448176999999999e+00
   4.5818866000000003e-01   1.3558737999999999e+00
   4.5913229999999999e-01   1.3560072999999999e+00
   4.9584801000000001e-01   1.3588395000000000e+00
   4.9634599000000001e-01   1.3588460000000000e+00
   4.9431144999999999e-01   1.3588136000000000e+00
   4.9894519999999998e-01   1.3588673000000000e+00
   4.9843748999999998e-01   1.3588659999999999e+00
   4.8994563000000002e-01   1.3586955999999999e+00
   4.8750000999999998e-01   1.3586020999999999e+00
   4.8832267000000001e-01   1.3586351999999999e+00
   4.9375001000000002e-01   1.3588028999999999e+00
   4.9155952000000003e-01   1.3587469999999999e+00
   7.3763690999999998e-01   1.2453125000000000e+00
   7.4254176999999999e-01   1.2394168000000001e+00
   7.4155826999999996e-01   1.2406250000000001e+00
   7.4043285999999997e-01   1.2419952999999999e+00
   7.4027396999999995e-01   1.2421875000000000e+00
   6.0522379000000004e-01   1.3395988000000001e+00
   6.0468750999999998e-01   1.3398007000000001e+00
   6.0064910999999999e-01   1.3412740999999999e+00
   6.0156250000000000e-01   1.3409461000000000e+00
   6.0861573999999996e-01   1.3383031999999999e+00
   6.0624999000000002e-01   1.3392113000000001e+00
   2.1928484000000001e-01   6.1040265000000005e-01
   2.2031250999999999e-01   6.1247898000000001e-01
   2.1813890000000000e-01   6.0842361000000000e-01
   2.1718749000000001e-01   6.0695113999999994e-01
   2.1872700000000000e-01   6.0939800000000000e-01
   2.1511601000000000e-01   6.0417851000000000e-01
   2.1487033000000000e-01   6.0387966000000004e-01
   2.2207925000000001e-01   6.1739173999999997e-01
   2.2231281000000000e-01   6.1831217999999999e-01
   2.2187499999999999e-01   6.1666531999999996e-01
   2.2079193999999999e-01   6.1358305999999996e-01
   2.2156380000000001e-01   6.1562501999999997e-01
   2.2123184000000001e-01   6.1470566999999998e-01
   8.1321303000000000e-01   6.0937500000000000e-01
   8.1338487999999998e-01   6.0380261000000002e-01
   8.1037835000000003e-01   6.1819082999999997e-01
   8.1087642999999998e-01   6.1712641999999995e-01
   8.1150321000000003e-01   6.1562501999999997e-01
   8.0751289000000004e-01   6.2313790000000002e-01
   8.0937499000000002e-01   6.2013410000000002e-01
   8.0873457999999998e-01   6.2123457999999998e-01
   8.1010930000000003e-01   6.1874998000000003e-01
   1.9005131000000000e-01   6.1932368999999998e-01
   1.9057924000000001e-01   6.2031250999999998e-01
   1.9117609999999999e-01   6.2132390000000004e-01
   1.9218750000000001e-01   6.2291143000000004e-01
   1.9239945000000000e-01   6.2322557000000001e-01
   1.8900985000000001e-01   6.1718750000000000e-01
   1.8952854000000000e-01   6.1828395000000003e-01
   1.8654316000000001e-01   6.0312498000000003e-01
   1.8657157999999999e-01   6.0874092000000002e-01
   7.7893484999999996e-01   6.1406249000000002e-01
   7.7954352000000005e-01   6.1264399999999997e-01
   7.7837166000000002e-01   6.1562501999999997e-01
   7.7795508999999996e-01   6.1701760000000005e-01
   7.7790550999999997e-01   6.1718750000000000e-01
   7.8437961000000000e-01   6.0469211000000000e-01
   7.8438326999999997e-01   6.0468750999999998e-01
   7.8370461999999996e-01   6.0557961999999999e-01
   7.8320937000000002e-01   6.0624999000000002e-01
   7.8181233999999999e-01   6.0837485999999996e-01
   7.7968751999999997e-01   6.1232354000000000e-01
   7.8116048999999999e-01   6.0946451000000001e-01
   3.8235556999999998e-01   9.9733192999999998e-01
   3.8165410999999999e-01   9.9727911999999996e-01
   3.8380927999999997e-01   9.9744073000000000e-01
   5.8328141000000000e-01   9.9953110000000001e-01
   4.1718750999999998e-01   9.9955143999999996e-01
   6.1619716999999996e-01   9.9744716000000000e-01
   6.1874998000000003e-01   9.9725659000000000e-01
   6.1765143000000000e-01   9.9733894000000001e-01
   2.2045764000000001e-01   1.1843750000000000e+00
   2.2152353000000000e-01   1.1862889999999999e+00
   2.1959802000000000e-01   1.1828125000000000e+00
   2.1657397000000000e-01   1.1771760000000000e+00
   2.1625020000000000e-01   1.1765625000000000e+00
   2.1711483000000001e-01   1.1781976999999999e+00
   2.1718749000000001e-01   1.1783347000000000e+00
   2.2474855999999999e-01   1.1919360999999999e+00
   7.7510477000000000e-01   1.1921875000000000e+00
   7.8234247000000001e-01   1.1792175000000000e+00
   7.8292207000000003e-01   1.1781250000000001e+00
   7.8396299999999997e-01   1.1761505000000001e+00
   7.8374834999999998e-01   1.1765625000000000e+00
   7.8014819000000002e-01   1.1832731999999999e+00
   7.7812499000000002e-01   1.1869149999999999e+00
   7.7935860000000001e-01   1.1847038999999999e+00
   8.1977409999999995e-01   8.9062500000000000e-01
   8.1961023000000000e-01   8.9148521000000003e-01
   8.2080518000000002e-01   8.9062500000000000e-01
   8.2072135000000002e-01   8.9259633999999999e-01
   8.2031250000000000e-01   8.8996947999999998e-01
   4.8290425999999997e-01   1.0016543000000000e+00
   4.8124999000000002e-01   1.0016349000000000e+00
   4.8272271999999999e-01   1.0016522999999999e+00
   8.1923931999999999e-01   1.0833018000000001e+00
   8.1904193000000003e-01   1.0840831000000000e+00
   8.1558839999999999e-01   1.0968750000000000e+00
   8.1594427000000003e-01   1.0956318000000000e+00
   8.1603539999999997e-01   1.0953124999999999e+00
   8.1738052000000005e-01   1.0904320000000001e+00
   8.1690488000000006e-01   1.0921875000000001e+00
   8.1662789999999996e-01   1.0931903999999999e+00
   8.1718749000000002e-01   1.0911457000000000e+00
   2.9975935999999997e-01   1.2830531000000001e+00
   2.9843751000000002e-01   1.2819088000000001e+00
   2.9312737999999999e-01   1.2771851000000001e+00
   6.8210481000000001e-01   1.2975827000000000e+00
   6.8202054000000001e-01   1.2976455000000000e+00
   6.8305287999999997e-01   1.2968750000000000e+00
   6.8469674999999997e-01   1.2956342999999999e+00
   6.8511973999999998e-01   1.2953125000000001e+00
   6.9686250999999999e-01   1.2859250000000000e+00
   6.9869786000000000e-01   1.2843750000000000e+00
   1.7995791000000000e-01   8.9035458999999995e-01
   1.7928280999999999e-01   8.9062500000000000e-01
   1.7939986999999999e-01   8.9247511000000002e-01
   1.7918482999999999e-01   8.9218748000000003e-01
   1.8020713999999999e-01   8.9166785000000004e-01
   1.7968750000000000e-01   9.1336762999999999e-01
   1.8147414000000001e-01   9.2321335000000004e-01
   1.8136716999999999e-01   9.2187500000000000e-01
   1.8127631999999999e-01   9.1091118000000004e-01
   1.7882550000000000e-01   9.1250001999999997e-01
   1.7908470000000001e-01   9.1033470000000005e-01
   1.7968750000000000e-01   9.0949157000000003e-01
   3.1573033000000000e-01   9.9051970000000000e-01
   3.1874998999999998e-01   9.9092833000000002e-01
   3.1729520999999999e-01   9.9073274000000000e-01
   3.2187501000000002e-01   9.9133784000000003e-01
   3.2448163000000002e-01   9.9166913999999995e-01
   3.2031250000000000e-01   9.9113432000000001e-01
   3.2124429999999998e-01   9.9125571999999995e-01
   2.8224293000000000e-01   9.8494457000000002e-01
   2.8171204999999999e-01   9.8483704999999999e-01
   2.8281251000000002e-01   9.8505967999999999e-01
   2.7707504999999999e-01   9.8386245999999999e-01
   2.7579293999999999e-01   9.8358208000000003e-01
   2.7836142000000003e-01   9.8413857999999999e-01
   2.7968748999999998e-01   9.8441816000000004e-01
   2.7974199000000000e-01   9.8442949000000002e-01
   2.9531248999999998e-01   9.8738322999999995e-01
   2.9137710999999999e-01   9.8668960000000006e-01
   7.0781249000000002e-01   9.8686527000000002e-01
   7.0461098000000000e-01   9.8742350999999995e-01
   7.2031248000000003e-01   9.8445271000000001e-01
   7.2037667999999999e-01   9.8443919999999996e-01
   7.2187500999999998e-01   9.8412350999999998e-01
   7.2419113000000002e-01   9.8362139000000004e-01
   7.2343749000000002e-01   9.8378763999999996e-01
   7.1648226000000004e-01   9.8523223999999998e-01
   7.1875000000000000e-01   9.8477711999999995e-01
   7.1778441999999998e-01   9.8497190000000001e-01
   6.7812501999999997e-01   9.9135633000000001e-01
   6.8015426999999995e-01   9.9109179000000003e-01
   6.7549753999999995e-01   9.9168997000000003e-01
   6.7738787000000000e-01   9.9145037000000003e-01
   6.8268218999999997e-01   9.9075533000000005e-01
   6.8153452000000003e-01   9.9090955000000003e-01
   6.8364305999999997e-01   9.9062501999999997e-01
   8.1866985999999997e-01   9.2179484000000000e-01
   8.1845250999999997e-01   9.2343748000000003e-01
   1.8269316999999999e-01   1.0907443000000001e+00
   1.8281249999999999e-01   1.0911842000000000e+00
   1.8336424000000001e-01   1.0931983000000001e+00
   1.8260499999999999e-01   1.0904175000000000e+00
   1.8370473000000001e-01   1.0944202999999999e+00
   1.8395485000000000e-01   1.0953124999999999e+00
   1.8439601999999999e-01   1.0968540000000000e+00
   1.8125000999999999e-01   1.0852691999999999e+00
   1.8075314000000001e-01   1.0833094000000001e+00
   1.8102161999999999e-01   1.0843750000000001e+00
   1.9235220000000000e-01   1.1217102999999999e+00
   1.9131654000000001e-01   1.1187499999999999e+00
   1.9168641000000000e-01   1.1198113999999999e+00
   1.9241021000000000e-01   1.1218750000000000e+00
   1.9086048999999999e-01   1.1174230000000001e+00
   1.9062499999999999e-01   1.1167330000000000e+00
   1.9034409999999999e-01   1.1159059000000000e+00
   1.8624462000000000e-01   1.1031249999999999e+00
   5.1727738000000001e-01   1.0016524000000000e+00
   5.1709554000000002e-01   1.0016544000000001e+00
   8.1360734999999995e-01   1.1035801000000001e+00
   8.0974409000000003e-01   1.1156250000000001e+00
   8.0925466000000001e-01   1.1170671999999999e+00
   8.0921372999999996e-01   1.1171875000000000e+00
   8.0745628000000003e-01   1.1222312000000001e+00
   8.0813226000000005e-01   1.1203125000000000e+00
   8.0845350000000005e-01   1.1193910000000000e+00
   8.0781250999999998e-01   1.1212234000000001e+00
   3.0060007000000000e-01   1.2837749000000001e+00
   3.0468750000000000e-01   1.2872148999999999e+00
   3.0313793000000000e-01   1.2859246000000000e+00
   3.1488213999999998e-01   1.2953125000000001e+00
   3.1619343999999999e-01   1.2963066000000001e+00
   3.1718749000000002e-01   1.2970538000000000e+00
   3.1788991999999999e-01   1.2975774000000000e+00
   7.0925413000000004e-01   1.2749999999999999e+00
   7.0687295999999999e-01   1.2771855000000001e+00
   6.9999999000000002e-01   1.2832607000000000e+00
   2.0689431000000000e-01   6.3501929999999995e-01
   2.0937499000000001e-01   6.3567825000000000e-01
   2.0831630000000001e-01   6.3543369999999999e-01
   2.0222390000000001e-01   6.3281250000000000e-01
   2.0484200000000000e-01   6.3422049000000003e-01
   2.0468750999999999e-01   6.3415182000000003e-01
   2.0593985000000001e-01   6.3468513999999998e-01
   2.2076412000000001e-01   6.3125001999999997e-01
   2.1920340999999999e-01   6.3326590000000005e-01
   2.1662181000000000e-01   6.3494066999999998e-01
   2.1631165999999999e-01   6.3506165999999997e-01
   4.3437499000000002e-01   1.0003641999999999e+00
   4.3312366000000002e-01   1.0003112000000001e+00
   8.3004891999999997e-01   1.0140625000000001e+00
   8.2987719999999998e-01   1.0169978000000000e+00
   8.3029496000000003e-01   1.0084200000000001e+00
   8.3022028999999997e-01   1.0104047000000000e+00
   8.2739960000000001e-01   1.0414620999999999e+00
   8.2741734000000000e-01   1.0413327000000001e+00
   8.2729991999999997e-01   1.0421875000000000e+00
   8.2844662999999996e-01   1.0331341000000001e+00
   8.2848341999999997e-01   1.0328124999999999e+00
   8.2828511000000005e-01   1.0345351000000000e+00
   2.4375000999999999e-01   1.2214067000000000e+00
   2.4200384000000000e-01   1.2189337000000000e+00
   2.4187508999999999e-01   1.2187500000000000e+00
   2.4071983999999999e-01   1.2170927000000000e+00
   2.3151199000000000e-01   1.2031250000000000e+00
   2.3201584000000000e-01   1.2039217000000000e+00
   2.3125000000000001e-01   1.2027063000000000e+00
   2.3384024000000000e-01   1.2067848000000001e+00
   2.3450399000000000e-01   1.2078125000000000e+00
   2.3445325000000000e-01   1.2077343000000000e+00
   7.8281248000000003e-01   6.3466064000000000e-01
   7.8325900000000004e-01   6.3482150000000004e-01
   7.8233596000000005e-01   6.3437498000000003e-01
   7.8082220999999996e-01   6.3324029000000004e-01
   7.9451435000000004e-01   6.3437498000000003e-01
   7.9611798000000000e-01   6.3361796000000004e-01
   7.9531251999999997e-01   6.3402619000000005e-01
   7.9713391000000000e-01   6.3307141000000000e-01
   7.9756026999999996e-01   6.3281250000000000e-01
   7.9159552000000000e-01   6.3534552000000000e-01
   7.9218750999999998e-01   6.3520122999999995e-01
   1.6990495000000000e-01   9.8478253999999998e-01
   1.7002285000000000e-01   9.8281251999999997e-01
   1.6994925000000000e-01   9.8401176000000001e-01
   1.6960223999999999e-01   9.9218750000000000e-01
   1.6968042000000000e-01   9.8969457999999999e-01
   1.7281346000000000e-01   9.5875096999999998e-01
   1.7321332000000000e-01   9.5647419000000000e-01
   1.7159179999999999e-01   9.6690432000000004e-01
   1.7174577999999999e-01   9.6575420999999995e-01
   1.7141112999999999e-01   9.6828614000000002e-01
   1.7177670000000000e-01   9.6552669000000002e-01
   3.6562498999999998e-01   9.9597848000000000e-01
   3.6292840999999998e-01   9.9574090999999998e-01
   3.6718750000000000e-01   9.9611349000000005e-01
   3.6635395999999998e-01   9.9604146999999998e-01
   2.1562500000000001e-01   9.6141250000000000e-01
   2.1682684999999999e-01   9.6213934000000001e-01
   2.2499999000000001e-01   9.6662819000000000e-01
   2.2385490999999999e-01   9.6604241999999996e-01
   2.2187499999999999e-01   9.6500300999999999e-01
   2.2025512999999999e-01   9.6411988999999998e-01
   2.4063894999999999e-01   9.7343749000000002e-01
   2.2853171999999999e-01   9.6834330000000002e-01
   2.2499999000000001e-01   9.6662819000000000e-01
   2.2697721000000001e-01   9.6760221999999996e-01
   2.3281249000000001e-01   9.7027637000000000e-01
   2.3393285000000000e-01   9.7075462999999995e-01
   2.3437500000000000e-01   9.7094263000000003e-01
   2.3545269999999999e-01   9.7139019000000004e-01
   7.6562500000000000e-01   9.7099539999999995e-01
   7.6389821000000002e-01   9.7171070000000004e-01
   7.6562500000000000e-01   9.7099539999999995e-01
   7.6715602000000005e-01   9.7034394000000002e-01
   7.7343750000000000e-01   9.6745901000000001e-01
   7.7466358000000002e-01   9.6685111000000001e-01
   7.5781250000000000e-01   9.7406548000000004e-01
   7.5930218999999999e-01   9.7351027999999995e-01
   7.7812499000000002e-01   9.6505837999999999e-01
   7.7936826000000003e-01   9.6438175999999998e-01
   7.7499998000000003e-01   9.6668315000000005e-01
   7.7673221999999997e-01   9.6579470999999995e-01
   7.8437500999999998e-01   9.6146765000000001e-01
   6.3355888000000005e-01   9.9605889000000003e-01
   6.3281250000000000e-01   9.9612334999999996e-01
   6.3643298999999998e-01   9.9580798999999998e-01
   6.3437498000000003e-01   9.9598841000000005e-01
   6.3534652000000003e-01   9.9590347999999995e-01
   8.2862636000000001e-01   9.6768887999999997e-01
   8.2870127000000005e-01   9.6817372999999995e-01
   8.2833597000000003e-01   9.6583596000000005e-01
   8.2692326999999999e-01   9.5745174000000000e-01
   8.2707987999999999e-01   9.5832987000000003e-01
   8.3048675999999999e-01   9.8986176999999997e-01
   8.3049773000000005e-01   9.9143524999999999e-01
   8.3049832000000001e-01   9.9137668999999995e-01
   8.3022439000000003e-01   9.8281251999999997e-01
   8.3042892000000001e-01   9.8519606000000004e-01
   1.7186778000000000e-01   1.0359375000000000e+00
   1.7186857000000000e-01   1.0359438999999999e+00
   1.7149839000000000e-01   1.0328124999999999e+00
   1.7165252000000000e-01   1.0341525000000000e+00
   1.7268241000000001e-01   1.0421875000000000e+00
   1.7281599000000000e-01   1.0431284999999999e+00
   1.7256210000000000e-01   1.0413121000000001e+00
   1.6974444999999999e-01   1.0099430000000000e+00
   1.6970068999999999e-01   1.0087632000000000e+00
   1.7003774999999999e-01   1.0158997000000001e+00
   1.6993369999999999e-01   1.0140625000000001e+00
   1.7000382999999999e-01   1.0153163000000001e+00
   2.1383532999999999e-01   1.1718750000000000e+00
   2.1079688999999999e-01   1.1657656000000001e+00
   2.0937499000000001e-01   1.1628129000000000e+00
   5.6597774000000001e-01   1.0003527000000001e+00
   7.9077098999999995e-01   1.1625000000000001e+00
   7.8868996000000002e-01   1.1668149999999999e+00
   7.8926951000000001e-01   1.1656249999999999e+00
   7.8639702000000000e-01   1.1714154999999999e+00
   5.6574477000000001e-01   1.3514427000000000e+00
   4.3425448999999999e-01   1.3514420000000000e+00
   7.6562500000000000e-01   1.2076144000000000e+00
   7.6493043000000005e-01   1.2086804000000000e+00
   7.6650434000000001e-01   1.2062500000000000e+00
   7.6858915999999999e-01   1.2029641000000000e+00
   7.6650434000000001e-01   1.2062500000000000e+00
   7.6798429999999995e-01   1.2039218000000000e+00
   7.5937498000000003e-01   1.2169565000000000e+00
   7.5928063999999995e-01   1.2170932000000001e+00
   7.5863937999999997e-01   1.2180143999999999e+00
   7.5799643999999999e-01   1.2189338999999999e+00
   4.6718748999999998e-01   1.0014008000000001e+00
   4.6581629000000002e-01   1.0013711999999999e+00
   8.2456574999999999e-01   1.0589408000000000e+00
   8.2280651999999999e-01   1.0678185000000000e+00
   8.2302436000000001e-01   1.0667743999999999e+00
   2.5193451000000000e-01   1.2324405000000000e+00
   2.5312500999999998e-01   1.2339762999999999e+00
   2.5329958000000002e-01   1.2342004000000000e+00
   2.5343591999999998e-01   1.2343750000000000e+00
   2.5458463999999997e-01   1.2358347000000001e+00
   2.6562500000000000e-01   1.2491220000000001e+00
   2.7422299000000000e-01   1.2585980000000001e+00
   2.7203269000000002e-01   1.2562500000000001e+00
   2.6824099000000001e-01   1.2520715000000000e+00
   2.6718751000000002e-01   1.2508926000000000e+00
   2.9068328999999998e-01   1.2749417000000001e+00
   2.7948284000000001e-01   1.2640625000000001e+00
   2.7881064999999999e-01   1.2633768000000001e+00
   2.8103096999999999e-01   1.2656250000000000e+00
   2.8192223000000000e-01   1.2665153000000000e+00
   2.8437500999999998e-01   1.2689362000000000e+00
   2.8666292999999998e-01   1.2711496000000000e+00
   2.8593749000000002e-01   1.2704529000000000e+00
   2.8507255999999997e-01   1.2696149000000001e+00
   1.7656250000000001e-01   9.4079794999999999e-01
   1.8495370999999999e-01   9.3067127000000005e-01
   1.8424125999999999e-01   9.2968750000000000e-01
   1.8429466000000000e-01   9.2976784000000001e-01
   1.8281249999999999e-01   9.2702872999999997e-01
   1.8257318000000000e-01   9.2680182000000000e-01
   1.8735515999999999e-01   9.3423014999999998e-01
   1.8559908000000000e-01   9.3158839000000004e-01
   1.7825736000000000e-01   9.3437499000000002e-01
   1.7915332000000000e-01   9.3178415999999997e-01
   1.7812499000000001e-01   9.3487025999999995e-01
   3.2957976999999999e-01   9.9229524000000002e-01
   3.2656248999999998e-01   9.9192844000000002e-01
   3.2540295000000002e-01   9.9178454000000005e-01
   3.2656248999999998e-01   9.9192844000000002e-01
   3.3512972000000002e-01   9.9294221999999999e-01
   3.3377519999999999e-01   9.9278728000000005e-01
   2.6073610000000003e-01   9.7988892000000005e-01
   2.5937501000000002e-01   9.7951273999999999e-01
   2.5707719000000001e-01   9.7886030000000002e-01
   2.5829226999999999e-01   9.7920773999999999e-01
   2.7172203000000000e-01   9.8265955999999999e-01
   2.7343750000000000e-01   9.8305611999999998e-01
   2.7451442999999998e-01   9.8329809000000001e-01
   2.7238142999999998e-01   9.8281251999999997e-01
   2.6693265999999999e-01   9.8150484000000005e-01
   2.6591649000000001e-01   9.8124999000000002e-01
   2.6444019000000002e-01   9.8087228999999998e-01
   7.3593748000000003e-01   9.8081536000000002e-01
   7.3434849999999996e-01   9.8122348999999998e-01
   7.3424266999999999e-01   9.8124999000000002e-01
   7.2806011000000004e-01   9.8274764999999997e-01
   7.2500001999999997e-01   9.8344277999999996e-01
   7.2620121999999998e-01   9.8317379999999999e-01
   7.2812498000000003e-01   9.8273266000000004e-01
   7.4174114999999996e-01   9.7924113999999995e-01
   7.4218750000000000e-01   9.7911515999999998e-01
   7.4052127000000001e-01   9.7958376000000003e-01
   7.4014601000000002e-01   9.7968750999999998e-01
   6.6623851999999995e-01   9.9280102000000003e-01
   6.6485346999999995e-01   9.9295900999999998e-01
   6.7322196999999995e-01   9.9197199000000003e-01
   6.7500000999999998e-01   9.9175274000000002e-01
   6.7371338000000003e-01   9.9191161000000005e-01
   6.7031251999999997e-01   9.9232456000000002e-01
   8.2170357999999999e-01   9.3454640000000000e-01
   8.2070743000000002e-01   9.3164491999999999e-01
   8.2154813999999998e-01   9.3404814999999997e-01
   8.1406248000000003e-01   9.3206926000000001e-01
   8.1262031000000001e-01   9.3425468000000000e-01
   8.1718749000000002e-01   9.2682123999999999e-01
   8.1672897000000000e-01   9.2766647999999996e-01
   8.1574475999999996e-01   9.2968750000000000e-01
   8.1587114000000005e-01   9.2944137000000004e-01
   8.1562500999999998e-01   9.2985602999999994e-01
   8.2336704000000005e-01   9.4069548000000003e-01
   1.7704674000000001e-01   1.0671875000000000e+00
   1.7676649999999999e-01   1.0658289999999999e+00
   1.7704674000000001e-01   1.0671875000000000e+00
   1.7525737999999999e-01   1.0580699000000000e+00
   1.9645689999999999e-01   1.1328125000000000e+00
   1.9657353000000000e-01   1.1331140000000000e+00
   1.9706251999999999e-01   1.1343749999999999e+00
   5.3418480000000002e-01   1.0013723000000001e+00
   8.0312501999999997e-01   1.1338792000000000e+00
   8.0342298000000001e-01   1.1331104999999999e+00
   8.0385695000000001e-01   1.1319819000000000e+00
   3.4321550000000001e-01   1.3145970000000000e+00
   3.4062499000000002e-01   1.3130181999999999e+00
   3.4812028000000000e-01   1.3175047000000000e+00
   3.4493211000000001e-01   1.3156250000000000e+00
   3.4615030000000002e-01   1.3163497000000000e+00
   3.4375000000000000e-01   1.3149189999999999e+00
   3.3345733999999999e-01   1.3084574000000000e+00
   3.3247697999999998e-01   1.3078125000000000e+00
   3.3456720000000001e-01   1.3091828000000001e+00
   3.8281250000000000e-01   1.3348226999999999e+00
   3.8358639000000000e-01   1.3351489000000001e+00
   3.8176155000000001e-01   1.3343750000000001e+00
   3.7808989999999998e-01   1.3327773999999999e+00
   3.7968749000000002e-01   1.3334790000000001e+00
   3.7922412999999999e-01   1.3332759000000001e+00
   3.7812500999999998e-01   1.3327929999999999e+00
   3.6747583000000000e-01   1.3278367000000000e+00
   3.6718750000000000e-01   1.3276961000000000e+00
   3.6852751000000000e-01   1.3283475000000000e+00
   3.5624999000000002e-01   1.3220592000000000e+00
   3.5816405000000001e-01   1.3230858999999999e+00
   5.2031249000000002e-01   1.3581624000000001e+00
   5.2161970999999996e-01   1.3580677999999999e+00
   5.2031249000000002e-01   1.3581624000000001e+00
   5.2354398999999996e-01   1.3579190000000001e+00
   5.2343750000000000e-01   1.3579277999999999e+00
   5.1474611999999997e-01   1.3584961000000000e+00
   5.1330969999999998e-01   1.3585653000000000e+00
   5.1770660999999996e-01   1.3583316000000001e+00
   5.1562500000000000e-01   1.3584512000000000e+00
   5.1660362999999998e-01   1.3583963999999999e+00
   5.3370185999999997e-01   1.3569230999999999e+00
   5.3547506000000000e-01   1.3567123999999999e+00
   5.2673051999999998e-01   1.3576444999999999e+00
   5.2927544000000004e-01   1.3574004000000000e+00
   5.8258677000000003e-01   1.3471006999999999e+00
   5.8172382000000000e-01   1.3473488000000000e+00
   5.8336524000000001e-01   1.3468750000000000e+00
   5.8655254000000001e-01   1.3459274999999999e+00
   5.8437501999999997e-01   1.3465805000000000e+00
   5.8535205000000001e-01   1.3462894999999999e+00
   4.1562501000000002e-01   1.3465792000000001e+00
   4.1296720999999997e-01   1.3457797000000000e+00
   4.1663952999999998e-01   1.3468750000000000e+00
   4.1706391999999998e-01   1.3469986000000000e+00
   4.1827715999999998e-01   1.3473478000000001e+00
   4.7154399000000002e-01   1.3574815000000000e+00
   4.7214767000000002e-01   1.3575398000000001e+00
   4.6509367000000001e-01   1.3567813000000000e+00
   4.6649215999999999e-01   1.3569453000000000e+00
   4.6629794000000002e-01   1.3569229000000000e+00
   4.8437500000000000e-01   1.3584510999999999e+00
   4.8173442999999999e-01   1.3582969000000000e+00
   4.8674476999999999e-01   1.3585677000000000e+00
   4.8504803000000002e-01   1.3584855000000000e+00
   4.7656250000000000e-01   1.3579277000000001e+00
   4.7790528999999998e-01   1.3580322000000000e+00
   4.7968750999999998e-01   1.3581623000000000e+00
   4.8082399999999997e-01   1.3582384999999999e+00
   4.7968750999999998e-01   1.3581623000000000e+00
   7.1492710999999998e-01   1.2696145999999999e+00
   7.1406250999999998e-01   1.2704525000000000e+00
   7.1571876999999995e-01   1.2688438000000000e+00
   7.1581459999999997e-01   1.2687500000000000e+00
   7.1807719999999997e-01   1.2665147000000001e+00
   7.2187500999999998e-01   1.2626704000000000e+00
   7.2041403000000004e-01   1.2641640000000001e+00
   7.1896702999999995e-01   1.2656250000000000e+00
   7.0931688000000004e-01   1.2749419000000000e+00
   7.3124999000000002e-01   1.2526402999999999e+00
   7.2728797000000001e-01   1.2569755000000000e+00
   7.2650830000000000e-01   1.2578125000000000e+00
   7.3396653999999995e-01   1.2495915000000000e+00
   7.3750000999999998e-01   1.2454721000000000e+00
   7.4542200999999997e-01   1.2358279999999999e+00
   7.4533572999999997e-01   1.2359374999999999e+00
   7.4670117999999996e-01   1.2342012000000000e+00
   7.4843751999999997e-01   1.2319580999999999e+00
   6.4081336000000000e-01   1.3236258999999999e+00
   6.4117005999999999e-01   1.3234375000000000e+00
   6.4285345000000005e-01   1.3225410000000000e+00
   6.3125001999999997e-01   1.3284560999999999e+00
   6.3357143999999999e-01   1.3273215000000000e+00
   6.3193224000000003e-01   1.3281250000000000e+00
   6.2186220000000003e-01   1.3327997000000000e+00
   6.1874998000000003e-01   1.3341567000000001e+00
   6.1968831000000002e-01   1.3337508000000000e+00
   6.2187499000000002e-01   1.3327941000000001e+00
   6.1859699999999995e-01   1.3342220000000000e+00
   6.1562501999999997e-01   1.3354798999999999e+00
   6.1750099000000003e-01   1.3346884999999999e+00
   6.6718750999999998e-01   1.3080361000000000e+00
   6.6637911000000005e-01   1.3085666000000000e+00
   6.5507842999999999e-01   1.3156250000000000e+00
   6.5385188000000005e-01   1.3163518999999999e+00
   6.5468751999999997e-01   1.3158576000000000e+00
   6.5286787999999996e-01   1.3169303999999999e+00
   6.5242593999999998e-01   1.3171875000000000e+00
   6.5872945000000005e-01   1.3134170000000001e+00
   6.5767480000000000e-01   1.3140624999999999e+00
