   0.0000000000000000e+00   1.9634799999999999e-01   1.0000000000000000e+00   5.0000000000000000e-01   0.0000000000000000e+00
   4.9804699999999999e-03   1.9634799999999999e-01   1.0000000000000000e+00   5.0000800000000001e-01   3.1570800000000000e-03
   9.9609399999999997e-03   1.9634799999999999e-01   9.9999600000000000e-01   5.0002800000000003e-01   6.3269900000000002e-03
   1.5039100000000000e-02   1.9634799999999999e-01   9.9998299999999996e-01   5.0006600000000001e-01   9.5367999999999998e-03
   2.0019499999999999e-02   1.9634799999999999e-01   9.9997499999999995e-01   5.0011899999999998e-01   1.2664699999999999e-02
   2.5000000000000001e-02   1.9634799999999999e-01   9.9997400000000003e-01   5.0019300000000000e-01   1.5770900000000001e-02
   2.9980500000000000e-02   1.9634799999999999e-01   9.9997499999999995e-01   5.0027999999999995e-01   1.8858000000000000e-02
   3.4960900000000003e-02   1.9634799999999999e-01   9.9997599999999998e-01   5.0037399999999999e-01   2.1926999999999999e-02
   4.0039100000000001e-02   1.9634799999999999e-01   9.9997000000000003e-01   5.0049500000000002e-01   2.5037100000000000e-02
   4.5019499999999997e-02   1.9634799999999999e-01   9.9997000000000003e-01   5.0062799999999996e-01   2.8069899999999998e-02
   5.0000000000000003e-02   1.9634799999999999e-01   9.9996799999999997e-01   5.0077199999999999e-01   3.1084899999999999e-02
   5.4980500000000002e-02   1.9634799999999999e-01   9.9996799999999997e-01   5.0093399999999999e-01   3.4083500000000003e-02
   5.9960899999999998e-02   1.9634799999999999e-01   9.9997700000000000e-01   5.0110800000000000e-01   3.7064300000000001e-02
   6.5039100000000002e-02   1.9634799999999999e-01   9.9998299999999996e-01   5.0130200000000003e-01   4.0087400000000002e-02
   7.0019499999999998e-02   1.9634799999999999e-01   9.9998500000000001e-01   5.0151000000000001e-01   4.3033399999999999e-02
   7.4999999999999997e-02   1.9634799999999999e-01   9.9998900000000002e-01   5.0172600000000001e-01   4.5965100000000002e-02
   7.9980499999999996e-02   1.9634799999999999e-01   9.9999099999999996e-01   5.0195699999999999e-01   4.8879800000000001e-02
   8.4960900000000006e-02   1.9634799999999999e-01   9.9999300000000002e-01   5.0220900000000002e-01   5.1777600000000000e-02
   9.0039099999999997e-02   1.9634799999999999e-01   9.9999199999999999e-01   5.0247699999999995e-01   5.4716700000000000e-02
   9.5019500000000007e-02   1.9634799999999999e-01   9.9999300000000002e-01   5.0274900000000000e-01   5.7583299999999997e-02
   1.0000000000000001e-01   1.9634799999999999e-01   9.9997100000000005e-01   5.0304499999999996e-01   6.0433500000000001e-02
   1.0498000000000000e-01   1.9634799999999999e-01   9.9987800000000004e-01   5.0334999999999996e-01   6.3269099999999995e-02
   1.0996100000000000e-01   1.9634799999999999e-01   9.9973500000000004e-01   5.0366999999999995e-01   6.6089099999999998e-02
   1.1503900000000000e-01   1.9634799999999999e-01   9.9958599999999997e-01   5.0400699999999998e-01   6.8949399999999994e-02
   1.2002000000000000e-01   1.9634799999999999e-01   9.9945499999999998e-01   5.0435399999999997e-01   7.1737700000000001e-02
   1.2500000000000000e-01   1.9634799999999999e-01   9.9934299999999998e-01   5.0471400000000000e-01   7.4511900000000006e-02
   1.2998000000000001e-01   1.9634799999999999e-01   9.9925799999999998e-01   5.0508799999999998e-01   7.7269099999999993e-02
   1.3496100000000000e-01   1.9634799999999999e-01   9.9921300000000002e-01   5.0547900000000001e-01   8.0013299999999996e-02
   1.4003900000000000e-01   1.9634799999999999e-01   9.9920200000000003e-01   5.0588500000000003e-01   8.2791699999999996e-02
   1.4502000000000001e-01   1.9634799999999999e-01   9.9923200000000001e-01   5.0630200000000003e-01   8.5502499999999995e-02
   1.4999999999999999e-01   1.9634799999999999e-01   9.9928799999999995e-01   5.0673100000000004e-01   8.8202600000000006e-02
   1.5498000000000001e-01   1.9634799999999999e-01   9.9934599999999996e-01   5.0717299999999998e-01   9.0887300000000004e-02
   1.5996099999999999e-01   1.9634799999999999e-01   9.9939199999999995e-01   5.0762600000000002e-01   9.3556200000000006e-02
   1.6503899999999999e-01   1.9634799999999999e-01   9.9943899999999997e-01   5.0810800000000000e-01   9.6264199999999994e-02
   1.7002000000000000e-01   1.9634799999999999e-01   9.9946199999999996e-01   5.0858800000000004e-01   9.8901699999999995e-02
   1.7499999999999999e-01   1.9634799999999999e-01   9.9951699999999999e-01   5.0907999999999998e-01   1.0152000000000000e-01
   1.7998000000000000e-01   1.9634799999999999e-01   9.9958599999999997e-01   5.0958700000000001e-01   1.0412900000000000e-01
   1.8496099999999999e-01   1.9634799999999999e-01   9.9964399999999998e-01   5.1010800000000001e-01   1.0671899999999999e-01
   1.9003900000000001e-01   1.9634799999999999e-01   9.9972499999999997e-01   5.1065000000000005e-01   1.0934099999999999e-01
   1.9502000000000000e-01   1.9634799999999999e-01   9.9976900000000002e-01   5.1119599999999998e-01   1.1190000000000000e-01
   2.0000000000000001e-01   1.9634799999999999e-01   9.9984200000000001e-01   5.1175599999999999e-01   1.1444200000000000e-01
   2.0498000000000000e-01   1.9634799999999999e-01   9.9988900000000003e-01   5.1232900000000003e-01   1.1696600000000000e-01
   2.0996100000000001e-01   1.9634799999999999e-01   9.9991799999999997e-01   5.1290999999999998e-01   1.1947900000000000e-01
   2.1503900000000001e-01   1.9634799999999999e-01   9.9992499999999995e-01   5.1351700000000000e-01   1.2202399999999999e-01
   2.2001999999999999e-01   1.9634799999999999e-01   9.9992700000000001e-01   5.1412300000000000e-01   1.2450400000000000e-01
   2.2500000000000001e-01   1.9634799999999999e-01   9.9992999999999999e-01   5.1474600000000004e-01   1.2696499999999999e-01
   2.2997999999999999e-01   1.9634799999999999e-01   9.9994099999999997e-01   5.1537599999999995e-01   1.2940900000000000e-01
   2.3496100000000000e-01   1.9634799999999999e-01   9.9994600000000000e-01   5.1602300000000001e-01   1.3183300000000001e-01
   2.4003900000000000e-01   1.9634799999999999e-01   9.9994300000000003e-01   5.1669200000000004e-01   1.3428799999999999e-01
   2.4501999999999999e-01   1.9634799999999999e-01   9.9993799999999999e-01   5.1736300000000002e-01   1.3668100000000000e-01
   2.5000000000000000e-01   1.9634799999999999e-01   9.9993600000000005e-01   5.1804499999999998e-01   1.3905899999999999e-01
   2.5497999999999998e-01   1.9634799999999999e-01   9.9993799999999999e-01   5.1873800000000003e-01   1.4141599999999999e-01
   2.5996100000000000e-01   1.9634799999999999e-01   9.9994000000000005e-01   5.1943499999999998e-01   1.4375099999999999e-01
   2.6503900000000002e-01   1.9634799999999999e-01   9.9993900000000002e-01   5.2016300000000004e-01   1.4611499999999999e-01
   2.7001999999999998e-01   1.9634799999999999e-01   9.9993500000000002e-01   5.2089099999999999e-01   1.4841900000000000e-01
   2.7500000000000002e-01   1.9634799999999999e-01   9.9993100000000001e-01   5.2162900000000001e-01   1.5070300000000000e-01
   2.7998000000000001e-01   1.9634799999999999e-01   9.9992999999999999e-01   5.2238300000000004e-01   1.5296000000000001e-01
   2.8496100000000002e-01   1.9634799999999999e-01   9.9992300000000001e-01   5.2314499999999997e-01   1.5520300000000001e-01
   2.9003899999999999e-01   1.9634799999999999e-01   9.9991699999999994e-01   5.2392499999999997e-01   1.5747500000000000e-01
   2.9502000000000000e-01   1.9634799999999999e-01   9.9991399999999997e-01   5.2470799999999995e-01   1.5968399999999999e-01
   2.9999999999999999e-01   1.9634799999999999e-01   9.9990599999999996e-01   5.2550399999999997e-01   1.6185900000000000e-01
   3.0497999999999997e-01   1.9634799999999999e-01   9.9989600000000001e-01   5.2630800000000000e-01   1.6402000000000000e-01
   3.0996099999999999e-01   1.9634799999999999e-01   9.9988400000000000e-01   5.2712099999999995e-01   1.6616100000000000e-01
   3.1503900000000001e-01   1.9634799999999999e-01   9.9987800000000004e-01   5.2796699999999996e-01   1.6833100000000001e-01
   3.2002000000000003e-01   1.9634799999999999e-01   9.9986799999999998e-01   5.2880099999999997e-01   1.7042399999999999e-01
   3.2500000000000001e-01   1.9634799999999999e-01   9.9985999999999997e-01   5.2964800000000001e-01   1.7249400000000001e-01
   3.2998000000000000e-01   1.9634799999999999e-01   9.9984799999999996e-01   5.3050500000000000e-01   1.7455799999999999e-01
   3.3496100000000001e-01   1.9634799999999999e-01   9.9983299999999997e-01   5.3136700000000003e-01   1.7658699999999999e-01
   3.4003899999999998e-01   1.9634799999999999e-01   9.9981600000000004e-01   5.3226799999999996e-01   1.7863299999999999e-01
   3.4501999999999999e-01   1.9634799999999999e-01   9.9979899999999999e-01   5.3315199999999996e-01   1.8061900000000000e-01
   3.4999999999999998e-01   1.9634799999999999e-01   9.9978299999999998e-01   5.3405000000000002e-01   1.8258099999999999e-01
   3.5498000000000002e-01   1.9634799999999999e-01   9.9976299999999996e-01   5.3495499999999996e-01   1.8451899999999999e-01
   3.5996099999999998e-01   1.9634799999999999e-01   9.9974099999999999e-01   5.3587200000000001e-01   1.8642900000000001e-01
   3.6503900000000000e-01   1.9634799999999999e-01   9.9971600000000005e-01   5.3681100000000004e-01   1.8835600000000000e-01
   3.7002000000000002e-01   1.9634799999999999e-01   9.9969100000000000e-01   5.3774800000000000e-01   1.9023100000000001e-01
   3.7500000000000000e-01   1.9634799999999999e-01   9.9966400000000000e-01   5.3869199999999995e-01   1.9206000000000001e-01
   3.7997999999999998e-01   1.9634799999999999e-01   9.9963400000000002e-01   5.3964900000000005e-01   1.9387699999999999e-01
   3.8496100000000000e-01   1.9634799999999999e-01   9.9960199999999999e-01   5.4060799999999998e-01   1.9566000000000000e-01
   3.9003900000000002e-01   1.9634799999999999e-01   9.9956599999999995e-01   5.4159800000000002e-01   1.9745900000000000e-01
   3.9501999999999998e-01   1.9634799999999999e-01   9.9952900000000000e-01   5.4257599999999995e-01   1.9919500000000001e-01
   4.0000000000000002e-01   1.9634799999999999e-01   9.9948899999999996e-01   5.4356300000000002e-01   2.0090500000000000e-01
   4.0498000000000001e-01   1.9634799999999999e-01   9.9944500000000003e-01   5.4455900000000002e-01   2.0258499999999999e-01
   4.0996100000000002e-01   1.9634799999999999e-01   9.9939800000000001e-01   5.4556099999999996e-01   2.0424500000000001e-01
   4.1503899999999999e-01   1.9634799999999999e-01   9.9934699999999999e-01   5.4659899999999995e-01   2.0589800000000000e-01
   4.2002000000000000e-01   1.9634799999999999e-01   9.9929199999999996e-01   5.4761400000000005e-01   2.0750600000000000e-01
   4.2499999999999999e-01   1.9634799999999999e-01   9.9923499999999998e-01   5.4864800000000002e-01   2.0906800000000000e-01
   4.2997999999999997e-01   1.9634799999999999e-01   9.9917199999999995e-01   5.4968099999999998e-01   2.1061700000000000e-01
   4.3496099999999999e-01   1.9634799999999999e-01   9.9910600000000005e-01   5.5072399999999999e-01   2.1212800000000001e-01
   4.4003900000000001e-01   1.9634799999999999e-01   9.9903500000000001e-01   5.5179699999999998e-01   2.1365100000000001e-01
   4.4502000000000003e-01   1.9634799999999999e-01   9.9895900000000004e-01   5.5285600000000001e-01   2.1510599999999999e-01
   4.5000000000000001e-01   1.9634799999999999e-01   9.9887800000000004e-01   5.5392200000000003e-01   2.1653100000000000e-01
   4.5498000000000000e-01   1.9634799999999999e-01   9.9879099999999998e-01   5.5499500000000002e-01   2.1793599999999999e-01
   4.5996100000000001e-01   1.9634799999999999e-01   9.9869799999999997e-01   5.5607300000000004e-01   2.1930700000000000e-01
   4.6503899999999998e-01   1.9634799999999999e-01   9.9859799999999999e-01   5.5718100000000004e-01   2.2067200000000001e-01
   4.7001999999999999e-01   1.9634799999999999e-01   9.9849399999999999e-01   5.5828100000000003e-01   2.2198999999999999e-01
   4.7499999999999998e-01   1.9634799999999999e-01   9.9838300000000002e-01   5.5937300000000001e-01   2.2326499999999999e-01
   4.7998000000000002e-01   1.9634799999999999e-01   9.9826400000000004e-01   5.6048100000000001e-01   2.2452200000000000e-01
   4.8496099999999998e-01   1.9634799999999999e-01   9.9813799999999997e-01   5.6159099999999995e-01   2.2574700000000000e-01
   4.9003900000000000e-01   1.9634799999999999e-01   9.9800299999999997e-01   5.6273499999999999e-01   2.2696400000000000e-01
   4.9502000000000002e-01   1.9634799999999999e-01   9.9786200000000003e-01   5.6385600000000002e-01   2.2811899999999999e-01
   5.0000000000000000e-01   1.9634799999999999e-01   9.9771299999999996e-01   5.6498599999999999e-01   2.2925400000000001e-01
   5.0497999999999998e-01   1.9634799999999999e-01   9.9755499999999997e-01   5.6612300000000004e-01   2.3036499999999999e-01
   5.0996100000000000e-01   1.9634799999999999e-01   9.9738899999999997e-01   5.6726299999999996e-01   2.3143300000000000e-01
   5.1503900000000002e-01   1.9634799999999999e-01   9.9720799999999998e-01   5.6842899999999996e-01   2.3249100000000000e-01
   5.2002000000000004e-01   1.9634799999999999e-01   9.9702199999999996e-01   5.6958100000000000e-01   2.3351100000000000e-01
   5.2500000000000002e-01   1.9634799999999999e-01   9.9682499999999996e-01   5.7073300000000005e-01   2.3449400000000001e-01
   5.2998000000000001e-01   1.9634799999999999e-01   9.9661699999999998e-01   5.7189800000000002e-01   2.3545300000000000e-01
   5.3496100000000002e-01   1.9634799999999999e-01   9.9639900000000003e-01   5.7306199999999996e-01   2.3637200000000000e-01
   5.4003900000000005e-01   1.9634799999999999e-01   9.9616499999999997e-01   5.7425800000000005e-01   2.3727799999999999e-01
   5.4501999999999995e-01   1.9634799999999999e-01   9.9592300000000000e-01   5.7543100000000003e-01   2.3815100000000000e-01
   5.5000000000000004e-01   1.9634799999999999e-01   9.9566699999999997e-01   5.7661200000000001e-01   2.3898300000000000e-01
   5.5498000000000003e-01   1.9634799999999999e-01   9.9540099999999998e-01   5.7779499999999995e-01   2.3979100000000000e-01
   5.5996100000000004e-01   1.9634799999999999e-01   9.9512100000000003e-01   5.7898099999999997e-01   2.4057600000000001e-01
   5.6503899999999996e-01   1.9634799999999999e-01   9.9482300000000001e-01   5.8019600000000005e-01   2.4133299999999999e-01
   5.7001999999999997e-01   1.9634799999999999e-01   9.9451500000000004e-01   5.8138599999999996e-01   2.4205599999999999e-01
   5.7499999999999996e-01   1.9634799999999999e-01   9.9419299999999999e-01   5.8258600000000005e-01   2.4274899999999999e-01
   5.7998000000000005e-01   1.9634799999999999e-01   9.9385699999999999e-01   5.8378699999999994e-01   2.4342100000000000e-01
   5.8496099999999995e-01   1.9634799999999999e-01   9.9350600000000000e-01   5.8499199999999996e-01   2.4405399999999999e-01
   5.9003899999999998e-01   1.9634799999999999e-01   9.9313300000000004e-01   5.8622399999999997e-01   2.4468100000000001e-01
   5.9501999999999999e-01   1.9634799999999999e-01   9.9275000000000002e-01   5.8743699999999999e-01   2.4527299999999999e-01
   5.9999999999999998e-01   1.9634799999999999e-01   9.9235099999999998e-01   5.8864600000000000e-01   2.4583099999999999e-01
   6.0497999999999996e-01   1.9634799999999999e-01   9.9193500000000001e-01   5.8987100000000003e-01   2.4635499999999999e-01
   6.0996099999999998e-01   1.9634799999999999e-01   9.9150300000000002e-01   5.9108899999999998e-01   2.4686500000000000e-01
   6.1503900000000000e-01   1.9634799999999999e-01   9.9104400000000004e-01   5.9231699999999998e-01   2.4736700000000000e-01
   6.2002000000000002e-01   1.9634799999999999e-01   9.9057700000000004e-01   5.9355000000000002e-01   2.4781400000000001e-01
   6.2500000000000000e-01   1.9634799999999999e-01   9.9009100000000005e-01   5.9477999999999998e-01   2.4823700000000001e-01
   6.2997999999999998e-01   1.9634799999999999e-01   9.8958900000000005e-01   5.9600100000000000e-01   2.4865100000000001e-01
   6.3496100000000000e-01   1.9634799999999999e-01   9.8906700000000003e-01   5.9724299999999997e-01   2.4902500000000000e-01
   6.4003900000000002e-01   1.9634799999999999e-01   9.8851599999999995e-01   5.9849799999999997e-01   2.4940000000000001e-01
   6.4502000000000004e-01   1.9634799999999999e-01   9.8795599999999995e-01   5.9972700000000001e-01   2.4973200000000001e-01
   6.5000000000000002e-01   1.9634799999999999e-01   9.8737699999999995e-01   6.0096300000000002e-01   2.5004300000000002e-01
   6.5498000000000001e-01   1.9634799999999999e-01   9.8677899999999996e-01   6.0219900000000004e-01   2.5033800000000000e-01
   6.5996100000000002e-01   1.9634799999999999e-01   9.8616099999999995e-01   6.0344100000000001e-01   2.5060800000000000e-01
   6.6503900000000005e-01   1.9634799999999999e-01   9.8551100000000003e-01   6.0469799999999996e-01   2.5086399999999998e-01
   6.7001999999999995e-01   1.9634799999999999e-01   9.8485199999999995e-01   6.0594300000000001e-01   2.5108599999999998e-01
   6.7500000000000004e-01   1.9634799999999999e-01   9.8417399999999999e-01   6.0718700000000003e-01   2.5129400000000002e-01
   6.7998000000000003e-01   1.9634799999999999e-01   9.8347600000000002e-01   6.0842600000000002e-01   2.5148799999999999e-01
   6.8496100000000004e-01   1.9634799999999999e-01   9.8275699999999999e-01   6.0966600000000004e-01   2.5165900000000002e-01
   6.9003899999999996e-01   1.9634799999999999e-01   9.8200399999999999e-01   6.1094099999999996e-01   2.5181599999999998e-01
   6.9501999999999997e-01   1.9634799999999999e-01   9.8124500000000003e-01   6.1218499999999998e-01   2.5194200000000000e-01
   6.9999999999999996e-01   1.9634799999999999e-01   9.8046500000000003e-01   6.1343300000000001e-01   2.5205300000000003e-01
   7.0498000000000005e-01   1.9634799999999999e-01   9.7966600000000004e-01   6.1467799999999995e-01   2.5215300000000002e-01
   7.0996099999999995e-01   1.9634799999999999e-01   9.7884499999999997e-01   6.1592499999999994e-01   2.5223099999999998e-01
   7.1503899999999998e-01   1.9634799999999999e-01   9.7798799999999997e-01   6.1719900000000005e-01   2.5229299999999999e-01
   7.2001999999999999e-01   1.9634799999999999e-01   9.7712699999999997e-01   6.1844800000000000e-01   2.5235099999999999e-01
   7.2499999999999998e-01   1.9634799999999999e-01   9.7624500000000003e-01   6.1969399999999997e-01   2.5237399999999999e-01
   7.2997999999999996e-01   1.9634799999999999e-01   9.7534299999999996e-01   6.2094499999999997e-01   2.5238200000000000e-01
   7.3496099999999998e-01   1.9634799999999999e-01   9.7442200000000001e-01   6.2219300000000000e-01   2.5238400000000000e-01
   7.4003900000000000e-01   1.9634799999999999e-01   9.7346200000000005e-01   6.2346500000000005e-01   2.5236700000000001e-01
   7.4502000000000002e-01   1.9634799999999999e-01   9.7250099999999995e-01   6.2471299999999996e-01   2.5233699999999998e-01
   7.5000000000000000e-01   1.9634799999999999e-01   9.7152200000000000e-01   6.2596300000000005e-01   2.5229499999999999e-01
   7.5497999999999998e-01   1.9634799999999999e-01   9.7052200000000000e-01   6.2720699999999996e-01   2.5224200000000002e-01
   7.5996100000000000e-01   1.9634799999999999e-01   9.6950400000000003e-01   6.2844999999999995e-01   2.5218299999999999e-01
   7.6503900000000002e-01   1.9634799999999999e-01   9.6844600000000003e-01   6.2972799999999995e-01   2.5209900000000002e-01
   7.7002000000000004e-01   1.9634799999999999e-01   9.6739100000000000e-01   6.3097199999999998e-01   2.5201200000000001e-01
   7.7500000000000002e-01   1.9634799999999999e-01   9.6631699999999998e-01   6.3221899999999998e-01   2.5190899999999999e-01
   7.7998000000000001e-01   1.9634799999999999e-01   9.6522500000000000e-01   6.3346599999999997e-01   2.5178699999999998e-01
   7.8496100000000002e-01   1.9634799999999999e-01   9.6411500000000006e-01   6.3471000000000000e-01   2.5166600000000000e-01
   7.9003900000000005e-01   1.9634799999999999e-01   9.6296599999999999e-01   6.3597700000000001e-01   2.5153799999999998e-01
   7.9501999999999995e-01   1.9634799999999999e-01   9.6182299999999998e-01   6.3722699999999999e-01   2.5138899999999997e-01
   8.0000000000000004e-01   1.9634799999999999e-01   9.6066200000000002e-01   6.3846499999999995e-01   2.5122800000000001e-01
   8.0498000000000003e-01   1.9634799999999999e-01   9.5948599999999995e-01   6.3970899999999997e-01   2.5106200000000001e-01
   8.0996100000000004e-01   1.9634799999999999e-01   9.5829500000000001e-01   6.4095199999999997e-01   2.5088800000000000e-01
   8.1503899999999996e-01   1.9634799999999999e-01   9.5706300000000000e-01   6.4221799999999996e-01   2.5070300000000001e-01
   8.2001999999999997e-01   1.9634799999999999e-01   9.5584000000000002e-01   6.4345699999999995e-01   2.5051699999999999e-01
   8.2499999999999996e-01   1.9634799999999999e-01   9.5460199999999995e-01   6.4469799999999999e-01   2.5032799999999999e-01
   8.2998000000000005e-01   1.9634799999999999e-01   9.5335099999999995e-01   6.4593599999999995e-01   2.5012899999999999e-01
   8.3496099999999995e-01   1.9634799999999999e-01   9.5208499999999996e-01   6.4717199999999997e-01   2.4991200000000000e-01
   8.4003899999999998e-01   1.9634799999999999e-01   9.5077999999999996e-01   6.4843200000000001e-01   2.4969100000000000e-01
   8.4501999999999999e-01   1.9634799999999999e-01   9.4948699999999997e-01   6.4966500000000005e-01   2.4946699999999999e-01
   8.4999999999999998e-01   1.9634799999999999e-01   9.4818199999999997e-01   6.5089799999999998e-01   2.4922600000000000e-01
   8.5497999999999996e-01   1.9634799999999999e-01   9.4686400000000004e-01   6.5213299999999996e-01   2.4898999999999999e-01
   8.5996099999999998e-01   1.9634799999999999e-01   9.4553500000000001e-01   6.5335699999999997e-01   2.4875000000000000e-01
   8.6503900000000000e-01   1.9634799999999999e-01   9.4416699999999998e-01   6.5461400000000003e-01   2.4849700000000000e-01
   8.7002000000000002e-01   1.9634799999999999e-01   9.4281599999999999e-01   6.5584399999999998e-01   2.4824399999999999e-01
   8.7500000000000000e-01   1.9634799999999999e-01   9.4145199999999996e-01   6.5707499999999996e-01   2.4799599999999999e-01
   8.7997999999999998e-01   1.9634799999999999e-01   9.4007900000000000e-01   6.5829700000000002e-01   2.4772500000000000e-01
   8.8496100000000000e-01   1.9634799999999999e-01   9.3869599999999997e-01   6.5952900000000003e-01   2.4746199999999999e-01
   8.9003900000000002e-01   1.9634799999999999e-01   9.3727700000000003e-01   6.6077200000000003e-01   2.4718599999999999e-01
   8.9502000000000004e-01   1.9634799999999999e-01   9.3587500000000001e-01   6.6199300000000005e-01   2.4691099999999999e-01
   9.0000000000000002e-01   1.9634799999999999e-01   9.3446499999999999e-01   6.6321099999999999e-01   2.4663399999999999e-01
   9.0498000000000001e-01   1.9634799999999999e-01   9.3304699999999996e-01   6.6443600000000003e-01   2.4635399999999999e-01
   9.0996100000000002e-01   1.9634799999999999e-01   9.3162100000000003e-01   6.6565399999999997e-01   2.4606900000000001e-01
   9.1503900000000005e-01   1.9634799999999999e-01   9.3015800000000004e-01   6.6689200000000004e-01   2.4578300000000000e-01
   9.2001999999999995e-01   1.9634799999999999e-01   9.2871700000000001e-01   6.6810800000000004e-01   2.4549799999999999e-01
   9.2500000000000004e-01   1.9634799999999999e-01   9.2727000000000004e-01   6.6931900000000000e-01   2.4519900000000000e-01
   9.2998000000000003e-01   1.9634799999999999e-01   9.2581599999999997e-01   6.7053399999999996e-01   2.4490600000000001e-01
   9.3496100000000004e-01   1.9634799999999999e-01   9.2435699999999998e-01   6.7174400000000001e-01   2.4462000000000000e-01
   9.4003899999999996e-01   1.9634799999999999e-01   9.2286299999999999e-01   6.7297899999999999e-01   2.4430800000000000e-01
   9.4501999999999997e-01   1.9634799999999999e-01   9.2139300000000002e-01   6.7418999999999996e-01   2.4401500000000001e-01
   9.4999999999999996e-01   1.9634799999999999e-01   9.1991699999999998e-01   6.7539700000000003e-01   2.4372199999999999e-01
   9.5498000000000005e-01   1.9634799999999999e-01   9.1843799999999998e-01   6.7659700000000000e-01   2.4341299999999999e-01
   9.5996099999999995e-01   1.9634799999999999e-01   9.1695400000000005e-01   6.7779800000000001e-01   2.4310799999999999e-01
   9.6503899999999998e-01   1.9634799999999999e-01   9.1543699999999995e-01   6.7902899999999999e-01   2.4279600000000001e-01
   9.7001999999999999e-01   1.9634799999999999e-01   9.1394500000000001e-01   6.8022400000000005e-01   2.4249000000000001e-01
   9.7499999999999998e-01   1.9634799999999999e-01   9.1245100000000001e-01   6.8142499999999995e-01   2.4218500000000001e-01
   9.7997999999999996e-01   1.9634799999999999e-01   9.1095400000000004e-01   6.8262100000000003e-01   2.4188000000000001e-01
   9.8496099999999998e-01   1.9634799999999999e-01   9.0945399999999998e-01   6.8381800000000004e-01   2.4158499999999999e-01
   9.9003900000000000e-01   1.9634799999999999e-01   9.0792300000000004e-01   6.8503599999999998e-01   2.4127399999999999e-01
   9.9502000000000002e-01   1.9634799999999999e-01   9.0641899999999997e-01   6.8622799999999995e-01   2.4096999999999999e-01
   1.0000000000000000e+00   1.9634799999999999e-01   9.0491299999999997e-01   6.8742000000000003e-01   2.4066299999999999e-01
   1.0049800000000000e+00   1.9634799999999999e-01   9.0340699999999996e-01   6.8861200000000000e-01   2.4035799999999999e-01
   1.0099600000000000e+00   1.9634799999999999e-01   9.0189900000000001e-01   6.8979999999999997e-01   2.4005099999999999e-01
   1.0150399999999999e+00   1.9634799999999999e-01   9.0036099999999997e-01   6.9100600000000001e-01   2.3974100000000001e-01
   1.0200199999999999e+00   1.9634799999999999e-01   8.9885099999999996e-01   6.9219100000000000e-01   2.3944799999999999e-01
   1.0249999999999999e+00   1.9634799999999999e-01   8.9734100000000006e-01   6.9338000000000000e-01   2.3914099999999999e-01
   1.0299799999999999e+00   1.9634799999999999e-01   8.9583199999999996e-01   6.9456099999999998e-01   2.3884300000000000e-01
   1.0349600000000001e+00   1.9634799999999999e-01   8.9432299999999998e-01   6.9574000000000003e-01   2.3854500000000001e-01
   1.0400400000000001e+00   1.9634799999999999e-01   8.9278400000000002e-01   6.9694299999999998e-01   2.3823500000000000e-01
   1.0450200000000001e+00   1.9634799999999999e-01   8.9127599999999996e-01   6.9812200000000002e-01   2.3794100000000001e-01
   1.0500000000000000e+00   1.9634799999999999e-01   8.8976900000000003e-01   6.9929300000000005e-01   2.3764800000000000e-01
   1.0549800000000000e+00   1.9634799999999999e-01   8.8826200000000000e-01   7.0047099999999995e-01   2.3736099999999999e-01
   1.0599600000000000e+00   1.9634799999999999e-01   8.8675700000000002e-01   7.0164300000000002e-01   2.3707300000000001e-01
   1.0650400000000000e+00   1.9634799999999999e-01   8.8522400000000001e-01   7.0283700000000005e-01   2.3677400000000001e-01
   1.0700200000000000e+00   1.9634799999999999e-01   8.8372200000000001e-01   7.0400399999999996e-01   2.3648700000000000e-01
   1.0750000000000000e+00   1.9634799999999999e-01   8.8222299999999998e-01   7.0517799999999997e-01   2.3620600000000000e-01
   1.0799799999999999e+00   1.9634799999999999e-01   8.8072499999999998e-01   7.0634300000000005e-01   2.3593100000000000e-01
   1.0849599999999999e+00   1.9634799999999999e-01   8.7922999999999996e-01   7.0751399999999998e-01   2.3565100000000000e-01
   1.0900399999999999e+00   1.9634799999999999e-01   8.7770800000000004e-01   7.0869599999999999e-01   2.3536599999999999e-01
   1.0950200000000001e+00   1.9634799999999999e-01   8.7621800000000005e-01   7.0986400000000005e-01   2.3508599999999999e-01
   1.1000000000000001e+00   1.9634799999999999e-01   8.7473100000000004e-01   7.1102200000000004e-01   2.3480999999999999e-01
   1.1049800000000001e+00   1.9634799999999999e-01   8.7324599999999997e-01   7.1218099999999995e-01   2.3453599999999999e-01
   1.1099600000000001e+00   1.9634799999999999e-01   8.7176500000000001e-01   7.1334100000000000e-01   2.3427300000000001e-01
   1.1150400000000000e+00   1.9634799999999999e-01   8.7025799999999998e-01   7.1452099999999996e-01   2.3401100000000000e-01
   1.1200200000000000e+00   1.9634799999999999e-01   8.6878299999999997e-01   7.1567700000000001e-01   2.3375599999999999e-01
   1.1250000000000000e+00   1.9634799999999999e-01   8.6731199999999997e-01   7.1683500000000000e-01   2.3348500000000000e-01
   1.1299800000000000e+00   1.9634799999999999e-01   8.6584399999999995e-01   7.1798899999999999e-01   2.3322399999999999e-01
   1.1349600000000000e+00   1.9634799999999999e-01   8.6438000000000004e-01   7.1914000000000000e-01   2.3297100000000001e-01
   1.1400399999999999e+00   1.9634799999999999e-01   8.6289199999999999e-01   7.2031599999999996e-01   2.3271700000000001e-01
   1.1450199999999999e+00   1.9634799999999999e-01   8.6143599999999998e-01   7.2146299999999997e-01   2.3246900000000001e-01
   1.1499999999999999e+00   1.9634799999999999e-01   8.5998399999999997e-01   7.2261600000000004e-01   2.3222499999999999e-01
   1.1549799999999999e+00   1.9634799999999999e-01   8.5853599999999997e-01   7.2376099999999999e-01   2.3199100000000000e-01
   1.1599600000000001e+00   1.9634799999999999e-01   8.5709299999999999e-01   7.2490800000000000e-01   2.3174500000000001e-01
   1.1650400000000001e+00   1.9634799999999999e-01   8.5562600000000000e-01   7.2607600000000005e-01   2.3151099999999999e-01
   1.1700200000000001e+00   1.9634799999999999e-01   8.5419199999999995e-01   7.2721700000000000e-01   2.3128499999999999e-01
   1.1750000000000000e+00   1.9634799999999999e-01   8.5276300000000005e-01   7.2836000000000001e-01   2.3105500000000001e-01
   1.1799800000000000e+00   1.9634799999999999e-01   8.5133800000000004e-01   7.2949799999999998e-01   2.3083000000000001e-01
   1.1849600000000000e+00   1.9634799999999999e-01   8.4991899999999998e-01   7.3064099999999998e-01   2.3061200000000001e-01
   1.1900400000000000e+00   1.9634799999999999e-01   8.4847600000000001e-01   7.3180299999999998e-01   2.3039499999999999e-01
   1.1950200000000000e+00   1.9634799999999999e-01   8.4706599999999999e-01   7.3294599999999999e-01   2.3018200000000000e-01
   1.2000000000000000e+00   1.9634799999999999e-01   8.4565999999999997e-01   7.3407800000000001e-01   2.2997799999999999e-01
   1.2049799999999999e+00   1.9634799999999999e-01   8.4426100000000004e-01   7.3521400000000003e-01   2.2977500000000001e-01
   1.2099599999999999e+00   1.9634799999999999e-01   8.4286700000000003e-01   7.3635399999999995e-01   2.2956599999999999e-01
   1.2150399999999999e+00   1.9634799999999999e-01   8.4144900000000000e-01   7.3750599999999999e-01   2.2936999999999999e-01
   1.2200200000000001e+00   1.9634799999999999e-01   8.4006599999999998e-01   7.3863900000000005e-01   2.2917599999999999e-01
   1.2250000000000001e+00   1.9634799999999999e-01   8.3868699999999996e-01   7.3977199999999999e-01   2.2899500000000000e-01
   1.2299800000000001e+00   1.9634799999999999e-01   8.3731500000000003e-01   7.4090400000000001e-01   2.2880900000000001e-01
   1.2349600000000001e+00   1.9634799999999999e-01   8.3594700000000000e-01   7.4203500000000000e-01   2.2862499999999999e-01
   1.2400400000000000e+00   1.9634799999999999e-01   8.3455900000000005e-01   7.4319000000000002e-01   2.2844800000000001e-01
   1.2450200000000000e+00   1.9634799999999999e-01   8.3320200000000000e-01   7.4431599999999998e-01   2.2828100000000001e-01
   1.2500000000000000e+00   1.9634799999999999e-01   8.3185100000000001e-01   7.4543999999999999e-01   2.2811200000000001e-01
   1.2549800000000000e+00   1.9634799999999999e-01   8.3050500000000005e-01   7.4656999999999996e-01   2.2794200000000001e-01
   1.2599600000000000e+00   1.9634799999999999e-01   8.2916500000000004e-01   7.4769600000000003e-01   2.2778599999999999e-01
   1.2650399999999999e+00   1.9634799999999999e-01   8.2780600000000004e-01   7.4884499999999998e-01   2.2764300000000001e-01
   1.2700199999999999e+00   1.9634799999999999e-01   8.2647800000000005e-01   7.4996900000000000e-01   2.2748699999999999e-01
   1.2749999999999999e+00   1.9634799999999999e-01   8.2515600000000000e-01   7.5108799999999998e-01   2.2733000000000000e-01
   1.2799799999999999e+00   1.9634799999999999e-01   8.2383899999999999e-01   7.5221400000000005e-01   2.2718900000000000e-01
   1.2849600000000001e+00   1.9634799999999999e-01   8.2252899999999995e-01   7.5334000000000001e-01   2.2706200000000001e-01
   1.2900400000000001e+00   1.9634799999999999e-01   8.2119900000000001e-01   7.5448099999999996e-01   2.2691600000000001e-01
   1.2950200000000001e+00   1.9634799999999999e-01   8.1989900000000004e-01   7.5559799999999999e-01   2.2678000000000001e-01
   1.3000000000000000e+00   1.9634799999999999e-01   8.1860599999999994e-01   7.5671900000000003e-01   2.2666000000000000e-01
   1.3049800000000000e+00   1.9634799999999999e-01   8.1732000000000005e-01   7.5783999999999996e-01   2.2653899999999999e-01
   1.3099600000000000e+00   1.9634799999999999e-01   8.1603999999999999e-01   7.5895900000000005e-01   2.2642599999999999e-01
   1.3150400000000000e+00   1.9634799999999999e-01   8.1474000000000002e-01   7.6009300000000002e-01   2.2630400000000001e-01
   1.3200200000000000e+00   1.9634799999999999e-01   8.1347100000000006e-01   7.6121600000000000e-01   2.2619700000000001e-01
   1.3250000000000000e+00   1.9634799999999999e-01   8.1220800000000004e-01   7.6233099999999998e-01   2.2609499999999999e-01
   1.3299799999999999e+00   1.9634799999999999e-01   8.1095099999999998e-01   7.6344900000000004e-01   2.2599000000000000e-01
   1.3349599999999999e+00   1.9634799999999999e-01   8.0969899999999995e-01   7.6456599999999997e-01   2.2589600000000001e-01
   1.3400399999999999e+00   1.9634799999999999e-01   8.0842999999999998e-01   7.6570000000000005e-01   2.2580700000000001e-01
   1.3450200000000001e+00   1.9634799999999999e-01   8.0719200000000002e-01   7.6681600000000005e-01   2.2574000000000000e-01
   1.3500000000000001e+00   1.9634799999999999e-01   8.0595899999999998e-01   7.6793100000000003e-01   2.2564999999999999e-01
   1.3549800000000001e+00   1.9634799999999999e-01   8.0473300000000003e-01   7.6904499999999998e-01   2.2556899999999999e-01
   1.3599600000000001e+00   1.9634799999999999e-01   8.0351099999999998e-01   7.7015999999999996e-01   2.2550700000000001e-01
   1.3650400000000000e+00   1.9634799999999999e-01   8.0227400000000004e-01   7.7129400000000004e-01   2.2544000000000000e-01
   1.3700200000000000e+00   1.9634799999999999e-01   8.0106599999999994e-01   7.7241000000000004e-01   2.2536400000000001e-01
   1.3750000000000000e+00   1.9634799999999999e-01   7.9986299999999999e-01   7.7351999999999999e-01   2.2530600000000001e-01
   1.3799800000000000e+00   1.9634799999999999e-01   7.9866800000000004e-01   7.7463199999999999e-01   2.2525500000000001e-01
   1.3849600000000000e+00   1.9634799999999999e-01   7.9747699999999999e-01   7.7573800000000004e-01   2.2520599999999999e-01
   1.3900399999999999e+00   1.9634799999999999e-01   7.9627000000000003e-01   7.7688000000000001e-01   2.2515800000000000e-01
   1.3950199999999999e+00   1.9634799999999999e-01   7.9509200000000002e-01   7.7798999999999996e-01   2.2511300000000001e-01
   1.3999999999999999e+00   1.9634799999999999e-01   7.9391999999999996e-01   7.7910199999999996e-01   2.2509399999999999e-01
   1.4049799999999999e+00   1.9634799999999999e-01   7.9275399999999996e-01   7.8021499999999999e-01   2.2505400000000000e-01
   1.4099600000000001e+00   1.9634799999999999e-01   7.9159500000000005e-01   7.8131700000000004e-01   2.2502500000000000e-01
   1.4150400000000001e+00   1.9634799999999999e-01   7.9041899999999998e-01   7.8245200000000004e-01   2.2500000000000001e-01
   1.4200200000000001e+00   1.9634799999999999e-01   7.8927099999999994e-01   7.8356300000000001e-01   2.2498599999999999e-01
   1.4250000000000000e+00   1.9634799999999999e-01   7.8812899999999997e-01   7.8467500000000001e-01   2.2496900000000000e-01
   1.4299800000000000e+00   1.9634799999999999e-01   7.8699300000000005e-01   7.8578199999999998e-01   2.2495399999999999e-01
   1.4349600000000000e+00   1.9634799999999999e-01   7.8586400000000001e-01   7.8689299999999995e-01   2.2495399999999999e-01
   1.4400400000000000e+00   1.9634799999999999e-01   7.8471800000000003e-01   7.8802600000000000e-01   2.2494800000000001e-01
   1.4450200000000000e+00   1.9634799999999999e-01   7.8360099999999999e-01   7.8913400000000000e-01   2.2495499999999999e-01
   1.4500000000000000e+00   1.9634799999999999e-01   7.8248899999999999e-01   7.9024799999999995e-01   2.2496900000000000e-01
   1.4549799999999999e+00   1.9634799999999999e-01   7.8138300000000005e-01   7.9135599999999995e-01   2.2497200000000001e-01
   1.4599599999999999e+00   1.9634799999999999e-01   7.8028399999999998e-01   7.9247000000000001e-01   2.2498499999999999e-01
   1.4650399999999999e+00   1.9634799999999999e-01   7.7916799999999997e-01   7.9359999999999997e-01   2.2500500000000001e-01
   1.4700200000000001e+00   1.9634799999999999e-01   7.7807999999999999e-01   7.9471199999999997e-01   2.2503400000000001e-01
   1.4750000000000001e+00   1.9634799999999999e-01   7.7699799999999997e-01   7.9581800000000003e-01   2.2505800000000001e-01
   1.4799800000000001e+00   1.9634799999999999e-01   7.7592300000000003e-01   7.9693199999999997e-01   2.2510800000000000e-01
   1.4849600000000001e+00   1.9634799999999999e-01   7.7485199999999999e-01   7.9804200000000003e-01   2.2513800000000000e-01
   1.4900400000000000e+00   1.9634799999999999e-01   7.7376800000000001e-01   7.9917099999999996e-01   2.2517400000000001e-01
   1.4950200000000000e+00   1.9634799999999999e-01   7.7270899999999998e-01   8.0028500000000002e-01   2.2521600000000000e-01
   1.5000000000000000e+00   1.9634799999999999e-01   7.7165600000000001e-01   8.0139499999999997e-01   2.2527500000000000e-01
   1.5049800000000000e+00   1.9634799999999999e-01   7.7061000000000002e-01   8.0250299999999997e-01   2.2532500000000000e-01
   1.5099600000000000e+00   1.9634799999999999e-01   7.6956899999999995e-01   8.0362100000000003e-01   2.2539699999999999e-01
   1.5150399999999999e+00   1.9634799999999999e-01   7.6851400000000003e-01   8.0475099999999999e-01   2.2545100000000001e-01
   1.5200199999999999e+00   1.9634799999999999e-01   7.6748400000000006e-01   8.0586400000000002e-01   2.2551299999999999e-01
   1.5249999999999999e+00   1.9634799999999999e-01   7.6646099999999995e-01   8.0697700000000006e-01   2.2558500000000001e-01
   1.5299799999999999e+00   1.9634799999999999e-01   7.6544299999999998e-01   8.0809100000000000e-01   2.2566400000000000e-01
   1.5349600000000001e+00   1.9634799999999999e-01   7.6443099999999997e-01   8.0920199999999998e-01   2.2574500000000000e-01
   1.5400400000000001e+00   1.9634799999999999e-01   7.6340399999999997e-01   8.1034099999999998e-01   2.2582900000000000e-01
   1.5450200000000001e+00   1.9634799999999999e-01   7.6240300000000005e-01   8.1145100000000003e-01   2.2591000000000000e-01
   1.5500000000000000e+00   1.9634799999999999e-01   7.6140900000000000e-01   8.1256399999999995e-01   2.2599500000000000e-01
   1.5549800000000000e+00   1.9634799999999999e-01   7.6041899999999996e-01   8.1368399999999996e-01   2.2610700000000000e-01
   1.5599600000000000e+00   1.9634799999999999e-01   7.5943600000000000e-01   8.1479400000000002e-01   2.2618900000000000e-01
   1.5650400000000000e+00   1.9634799999999999e-01   7.5843799999999995e-01   8.1593700000000002e-01   2.2629600000000000e-01
   1.5700200000000000e+00   1.9634799999999999e-01   7.5746599999999997e-01   8.1704699999999997e-01   2.2640099999999999e-01
   1.5750000000000000e+00   1.9634799999999999e-01   7.5649900000000003e-01   8.1816100000000003e-01   2.2650300000000001e-01
   1.5799799999999999e+00   1.9634799999999999e-01   7.5553800000000004e-01   8.1928699999999999e-01   2.2663600000000000e-01
   1.5849599999999999e+00   1.9634799999999999e-01   7.5458199999999997e-01   8.2040000000000002e-01   2.2673499999999999e-01
   1.5900399999999999e+00   1.9634799999999999e-01   7.5361199999999995e-01   8.2153699999999996e-01   2.2686000000000001e-01
   1.5950200000000001e+00   1.9634799999999999e-01   7.5266800000000000e-01   8.2265699999999997e-01   2.2698199999999999e-01
   1.6000000000000001e+00   1.9634799999999999e-01   7.5172700000000003e-01   8.2377500000000003e-01   2.2710700000000000e-01
   1.6049800000000001e+00   1.9634799999999999e-01   7.5079300000000004e-01   8.2489900000000005e-01   2.2725699999999999e-01
   1.6099600000000001e+00   1.9634799999999999e-01   7.4986500000000000e-01   8.2601599999999997e-01   2.2737399999999999e-01
   1.6150400000000000e+00   1.9634799999999999e-01   7.4892300000000001e-01   8.2715899999999998e-01   2.2750999999999999e-01
   1.6200200000000000e+00   1.9634799999999999e-01   7.4800599999999995e-01   8.2828800000000002e-01   2.2766400000000001e-01
   1.6250000000000000e+00   1.9634799999999999e-01   7.4709300000000001e-01   8.2940400000000003e-01   2.2780000000000000e-01
   1.6299800000000000e+00   1.9634799999999999e-01   7.4618600000000002e-01   8.3052499999999996e-01   2.2794300000000001e-01
   1.6349600000000000e+00   1.9634799999999999e-01   7.4528399999999995e-01   8.3164700000000003e-01   2.2809199999999999e-01
   1.6400399999999999e+00   1.9634799999999999e-01   7.4436999999999998e-01   8.3279800000000004e-01   2.2824300000000000e-01
   1.6450199999999999e+00   1.9634799999999999e-01   7.4348000000000003e-01   8.3392299999999997e-01   2.2840900000000000e-01
   1.6499999999999999e+00   1.9634799999999999e-01   7.4259399999999998e-01   8.3504800000000001e-01   2.2856099999999999e-01
   1.6549799999999999e+00   1.9634799999999999e-01   7.4171399999999998e-01   8.3617600000000003e-01   2.2872500000000001e-01
   1.6599600000000001e+00   1.9634799999999999e-01   7.4084000000000005e-01   8.3730000000000004e-01   2.2888900000000001e-01
   1.6650400000000001e+00   1.9634799999999999e-01   7.3995200000000005e-01   8.3844900000000000e-01   2.2906699999999999e-01
   1.6700200000000001e+00   1.9634799999999999e-01   7.3908700000000005e-01   8.3958100000000002e-01   2.2923299999999999e-01
   1.6750000000000000e+00   1.9634799999999999e-01   7.3822699999999997e-01   8.4070699999999998e-01   2.2939799999999999e-01
   1.6799800000000000e+00   1.9634799999999999e-01   7.3737299999999995e-01   8.4184000000000003e-01   2.2958999999999999e-01
   1.6849600000000000e+00   1.9634799999999999e-01   7.3652300000000004e-01   8.4297000000000000e-01   2.2975300000000001e-01
   1.6900400000000000e+00   1.9634799999999999e-01   7.3566100000000001e-01   8.4412299999999996e-01   2.2994200000000001e-01
   1.6950200000000000e+00   1.9634799999999999e-01   7.3482400000000003e-01   8.4525600000000001e-01   2.3012800000000000e-01
   1.7000000000000000e+00   1.9634799999999999e-01   7.3398900000000000e-01   8.4639200000000003e-01   2.3031299999999999e-01
   1.7049799999999999e+00   1.9634799999999999e-01   7.3316099999999995e-01   8.4752899999999998e-01   2.3050200000000001e-01
   1.7099599999999999e+00   1.9634799999999999e-01   7.3233700000000002e-01   8.4866299999999995e-01   2.3068500000000000e-01
   1.7150399999999999e+00   1.9634799999999999e-01   7.3150099999999996e-01   8.4982300000000000e-01   2.3089000000000001e-01
   1.7200200000000001e+00   1.9634799999999999e-01   7.3068900000000003e-01   8.5095900000000002e-01   2.3107400000000000e-01
   1.7250000000000001e+00   1.9634799999999999e-01   7.2987899999999994e-01   8.5209999999999997e-01   2.3128899999999999e-01
   1.7299800000000001e+00   1.9634799999999999e-01   7.2907599999999995e-01   8.5323800000000005e-01   2.3147999999999999e-01
   1.7349600000000001e+00   1.9634799999999999e-01   7.2827600000000003e-01   8.5438000000000003e-01   2.3166800000000001e-01
   1.7400400000000000e+00   1.9634799999999999e-01   7.2746699999999997e-01   8.5553999999999997e-01   2.3187400000000000e-01
   1.7450200000000000e+00   1.9634799999999999e-01   7.2667599999999999e-01   8.5668599999999995e-01   2.3209500000000000e-01
   1.7500000000000000e+00   1.9634799999999999e-01   7.2589099999999995e-01   8.5782400000000003e-01   2.3228699999999999e-01
   1.7549800000000000e+00   1.9634799999999999e-01   7.2511199999999998e-01   8.5897000000000001e-01   2.3250499999999999e-01
   1.7599600000000000e+00   1.9634799999999999e-01   7.2433700000000001e-01   8.6011400000000005e-01   2.3270500000000000e-01
   1.7650399999999999e+00   1.9634799999999999e-01   7.2355199999999997e-01   8.6128499999999997e-01   2.3291899999999999e-01
   1.7700199999999999e+00   1.9634799999999999e-01   7.2278600000000004e-01   8.6243000000000003e-01   2.3313800000000001e-01
   1.7749999999999999e+00   1.9634799999999999e-01   7.2202599999999995e-01   8.6357899999999999e-01   2.3334900000000000e-01
   1.7799799999999999e+00   1.9634799999999999e-01   7.2126999999999997e-01   8.6472800000000005e-01   2.3355500000000001e-01
   1.7849600000000001e+00   1.9634799999999999e-01   7.2051900000000002e-01   8.6587700000000001e-01   2.3377500000000001e-01
   1.7900400000000001e+00   1.9634799999999999e-01   7.1975699999999998e-01   8.6704899999999996e-01   2.3399400000000001e-01
   1.7950200000000001e+00   1.9634799999999999e-01   7.1901400000000004e-01   8.6820200000000003e-01   2.3420600000000000e-01
   1.8000000000000000e+00   1.9634799999999999e-01   7.1827600000000003e-01   8.6935600000000002e-01   2.3442600000000000e-01
   1.8049800000000000e+00   1.9634799999999999e-01   7.1754200000000001e-01   8.7050600000000000e-01   2.3464199999999999e-01
   1.8099600000000000e+00   1.9634799999999999e-01   7.1681300000000003e-01   8.7166100000000002e-01   2.3486000000000001e-01
   1.8150400000000000e+00   1.9634799999999999e-01   7.1607399999999999e-01   8.7284200000000001e-01   2.3508699999999999e-01
   1.8200200000000000e+00   1.9634799999999999e-01   7.1535400000000005e-01   8.7399600000000000e-01   2.3529900000000001e-01
   1.8250000000000000e+00   1.9634799999999999e-01   7.1463800000000000e-01   8.7515900000000002e-01   2.3553700000000000e-01
   1.8299799999999999e+00   1.9634799999999999e-01   7.1392699999999998e-01   8.7631499999999996e-01   2.3573900000000000e-01
   1.8349599999999999e+00   1.9634799999999999e-01   7.1321800000000002e-01   8.7748099999999996e-01   2.3596900000000001e-01
   1.8400399999999999e+00   1.9634799999999999e-01   7.1250000000000002e-01   8.7865300000000002e-01   2.3617700000000000e-01
   1.8450200000000001e+00   1.9634799999999999e-01   7.1180100000000002e-01   8.7982099999999996e-01   2.3639600000000000e-01
   1.8500000000000001e+00   1.9634799999999999e-01   7.1110399999999996e-01   8.8098799999999999e-01   2.3662400000000000e-01
   1.8549800000000001e+00   1.9634799999999999e-01   7.1041200000000004e-01   8.8215100000000002e-01   2.3683899999999999e-01
   1.8599600000000001e+00   1.9634799999999999e-01   7.0972400000000002e-01   8.8331800000000005e-01   2.3705499999999999e-01
   1.8650400000000000e+00   1.9634799999999999e-01   7.0902799999999999e-01   8.8450600000000001e-01   2.3727599999999999e-01
   1.8700200000000000e+00   1.9634799999999999e-01   7.0834500000000000e-01   8.8567600000000002e-01   2.3749300000000001e-01
   1.8750000000000000e+00   1.9634799999999999e-01   7.0766700000000005e-01   8.8684099999999999e-01   2.3770500000000000e-01
   1.8799800000000000e+00   1.9634799999999999e-01   7.0699500000000004e-01   8.8800999999999997e-01   2.3792199999999999e-01
   1.8849600000000000e+00   1.9634799999999999e-01   7.0632600000000001e-01   8.8918200000000003e-01   2.3812700000000001e-01
   1.8900399999999999e+00   1.9634799999999999e-01   7.0564700000000002e-01   8.9037699999999997e-01   2.3835300000000001e-01
   1.8950199999999999e+00   1.9634799999999999e-01   7.0497900000000002e-01   8.9154900000000004e-01   2.3856100000000000e-01
   1.8999999999999999e+00   1.9634799999999999e-01   7.0432300000000003e-01   8.9272099999999999e-01   2.3875900000000000e-01
   1.9049799999999999e+00   1.9634799999999999e-01   7.0366399999999996e-01   8.9390000000000003e-01   2.3897699999999999e-01
   1.9099600000000001e+00   1.9634799999999999e-01   7.0301100000000005e-01   8.9507199999999998e-01   2.3917200000000000e-01
   1.9150400000000001e+00   1.9634799999999999e-01   7.0234399999999997e-01   8.9627400000000002e-01   2.3939299999999999e-01
   1.9200200000000001e+00   1.9634799999999999e-01   7.0169199999999998e-01   8.9744800000000002e-01   2.3957100000000001e-01
   1.9250000000000000e+00   1.9634799999999999e-01   7.0104900000000003e-01   8.9862600000000004e-01   2.3977899999999999e-01
   1.9299800000000000e+00   1.9634799999999999e-01   7.0039899999999999e-01   8.9980599999999999e-01   2.3996500000000001e-01
   1.9349600000000000e+00   1.9634799999999999e-01   6.9976400000000005e-01   9.0098900000000004e-01   2.4016799999999999e-01
   1.9400400000000000e+00   1.9634799999999999e-01   6.9910000000000005e-01   9.0218799999999999e-01   2.4035100000000001e-01
   1.9450200000000000e+00   1.9634799999999999e-01   6.9847000000000004e-01   9.0337199999999995e-01   2.4054900000000001e-01
   1.9500000000000000e+00   1.9634799999999999e-01   6.9783799999999996e-01   9.0455399999999997e-01   2.4072099999999999e-01
   1.9549799999999999e+00   1.9634799999999999e-01   6.9719600000000004e-01   9.0573499999999996e-01   2.4091099999999999e-01
   1.9599599999999999e+00   1.9634799999999999e-01   6.9657400000000003e-01   9.0691800000000000e-01   2.4106900000000001e-01
   1.9650399999999999e+00   1.9634799999999999e-01   6.9590099999999999e-01   9.0813600000000005e-01   2.4125700000000000e-01
   1.9700200000000001e+00   1.9634799999999999e-01   6.9530000000000003e-01   9.0931799999999996e-01   2.4141199999999999e-01
   1.9750000000000001e+00   1.9634799999999999e-01   6.9464599999999999e-01   9.1050299999999995e-01   2.4157100000000001e-01
   1.9799800000000001e+00   1.9634799999999999e-01   6.9400700000000004e-01   9.1169299999999998e-01   2.4175099999999999e-01
   1.9849600000000001e+00   1.9634799999999999e-01   6.9334200000000001e-01   9.1287200000000002e-01   2.4187200000000000e-01
   1.9900400000000000e+00   1.9634799999999999e-01   6.9270500000000002e-01   9.1408900000000004e-01   2.4205399999999999e-01
   1.9950200000000000e+00   1.9634799999999999e-01   6.9209699999999996e-01   9.1527899999999995e-01   2.4217500000000000e-01
   2.0000000000000000e+00   1.9634799999999999e-01   6.9130700000000000e-01   9.1646600000000000e-01   2.4232200000000001e-01
   2.0049800000000002e+00   1.9634799999999999e-01   6.9064000000000003e-01   9.1765900000000000e-01   2.4246000000000001e-01
   2.0099600000000000e+00   1.9634799999999999e-01   6.8977400000000000e-01   9.1884200000000005e-01   2.4256400000000000e-01
   2.0150399999999999e+00   1.9634799999999999e-01   6.8879400000000002e-01   9.2005899999999996e-01   2.4271300000000001e-01
   2.0200200000000001e+00   1.9634799999999999e-01   6.8789900000000004e-01   9.2124899999999998e-01   2.4281500000000000e-01
   2.0249999999999999e+00   1.9634799999999999e-01   6.8683399999999994e-01   9.2244000000000004e-01   2.4295300000000000e-01
   2.0299800000000001e+00   1.9634799999999999e-01   6.8550299999999997e-01   9.2362599999999995e-01   2.4306200000000000e-01
   2.0349599999999999e+00   1.9634799999999999e-01   6.8445599999999995e-01   9.2482200000000003e-01   2.4312100000000000e-01
   2.0400399999999999e+00   1.9634799999999999e-01   6.8318100000000004e-01   9.2603700000000000e-01   2.4321799999999999e-01
   2.0450200000000001e+00   1.9634799999999999e-01   6.8227099999999996e-01   9.2722899999999997e-01   2.4331000000000000e-01
   2.0499999999999998e+00   1.9634799999999999e-01   6.8130299999999999e-01   9.2841499999999999e-01   2.4334200000000000e-01
   2.0549800000000000e+00   1.9634799999999999e-01   6.8003100000000005e-01   9.2961000000000005e-01   2.4334200000000000e-01
   2.0599599999999998e+00   1.9634799999999999e-01   6.7862599999999995e-01   9.3080200000000002e-01   2.4336700000000000e-01
   2.0650400000000002e+00   1.9634799999999999e-01   6.7695300000000003e-01   9.3201400000000001e-01   2.4337500000000001e-01
   2.0700200000000000e+00   1.9634799999999999e-01   6.7552699999999999e-01   9.3320400000000003e-01   2.4340300000000001e-01
   2.0750000000000002e+00   1.9634799999999999e-01   6.7406999999999995e-01   9.3439099999999997e-01   2.4337100000000000e-01
   2.0799799999999999e+00   1.9634799999999999e-01   6.7276000000000002e-01   9.3557999999999997e-01   2.4326600000000001e-01
   2.0849600000000001e+00   1.9634799999999999e-01   6.7127800000000004e-01   9.3677400000000000e-01   2.4314400000000000e-01
   2.0900400000000001e+00   1.9634799999999999e-01   6.6966099999999995e-01   9.3799100000000002e-01   2.4302299999999999e-01
   2.0950199999999999e+00   1.9634799999999999e-01   6.6818000000000000e-01   9.3916999999999995e-01   2.4294399999999999e-01
   2.1000000000000001e+00   1.9634799999999999e-01   6.6671499999999995e-01   9.4035899999999994e-01   2.4284100000000000e-01
   2.1049799999999999e+00   1.9634799999999999e-01   6.6537199999999996e-01   9.4155000000000000e-01   2.4265000000000000e-01
   2.1099600000000001e+00   1.9634799999999999e-01   6.6401299999999996e-01   9.4273499999999999e-01   2.4246599999999999e-01
   2.1150400000000000e+00   1.9634799999999999e-01   6.6276999999999997e-01   9.4394900000000004e-01   2.4221899999999999e-01
   2.1200199999999998e+00   1.9634799999999999e-01   6.6188100000000005e-01   9.4513000000000003e-01   2.4203100000000000e-01
   2.1250000000000000e+00   1.9634799999999999e-01   6.6071899999999995e-01   9.4632000000000005e-01   2.4179800000000001e-01
   2.1299800000000002e+00   1.9634799999999999e-01   6.5941099999999997e-01   9.4750400000000001e-01   2.4152999999999999e-01
   2.1349600000000000e+00   1.9634799999999999e-01   6.5792399999999995e-01   9.4868799999999998e-01   2.4120500000000000e-01
   2.1400399999999999e+00   1.9634799999999999e-01   6.5638900000000000e-01   9.4988799999999995e-01   2.4091199999999999e-01
   2.1450200000000001e+00   1.9634799999999999e-01   6.5475600000000000e-01   9.5107399999999997e-01   2.4058599999999999e-01
   2.1499999999999999e+00   1.9634799999999999e-01   6.5332400000000002e-01   9.5226000000000000e-01   2.4025700000000000e-01
   2.1549800000000001e+00   1.9634799999999999e-01   6.5182499999999999e-01   9.5343500000000003e-01   2.3992400000000000e-01
   2.1599599999999999e+00   1.9634799999999999e-01   6.5037500000000004e-01   9.5460800000000001e-01   2.3952599999999999e-01
   2.1650399999999999e+00   1.9634799999999999e-01   6.4880099999999996e-01   9.5580399999999999e-01   2.3912000000000000e-01
   2.1700200000000001e+00   1.9634799999999999e-01   6.4724400000000004e-01   9.5697100000000002e-01   2.3866200000000001e-01
   2.1749999999999998e+00   1.9634799999999999e-01   6.4582600000000001e-01   9.5814600000000005e-01   2.3827599999999999e-01
   2.1799800000000000e+00   1.9634799999999999e-01   6.4430500000000002e-01   9.5931299999999997e-01   2.3784100000000000e-01
   2.1849599999999998e+00   1.9634799999999999e-01   6.4290499999999995e-01   9.6048599999999995e-01   2.3738999999999999e-01
   2.1900400000000002e+00   1.9634799999999999e-01   6.4143099999999997e-01   9.6167000000000002e-01   2.3694899999999999e-01
   2.1950200000000000e+00   1.9634799999999999e-01   6.4001799999999998e-01   9.6283300000000005e-01   2.3647399999999999e-01
   2.2000000000000002e+00   1.9634799999999999e-01   6.3851400000000003e-01   9.6399199999999996e-01   2.3606500000000000e-01
   2.2049799999999999e+00   1.9634799999999999e-01   6.3712299999999999e-01   9.6515300000000004e-01   2.3564499999999999e-01
   2.2099600000000001e+00   1.9634799999999999e-01   6.3573999999999997e-01   9.6631400000000001e-01   2.3518800000000001e-01
   2.2150400000000001e+00   1.9634799999999999e-01   6.3434100000000004e-01   9.6748000000000001e-01   2.3473900000000000e-01
   2.2200199999999999e+00   1.9634799999999999e-01   6.3302000000000003e-01   9.6863600000000005e-01   2.3432300000000000e-01
   2.2250000000000001e+00   1.9634799999999999e-01   6.3163800000000003e-01   9.6977899999999995e-01   2.3387600000000000e-01
   2.2299799999999999e+00   1.9634799999999999e-01   6.3028600000000001e-01   9.7093099999999999e-01   2.3347000000000001e-01
   2.2349600000000001e+00   1.9634799999999999e-01   6.2879200000000002e-01   9.7207299999999996e-01   2.3311299999999999e-01
   2.2400400000000000e+00   1.9634799999999999e-01   6.2738200000000000e-01   9.7323800000000005e-01   2.3268700000000000e-01
   2.2450199999999998e+00   1.9634799999999999e-01   6.2596399999999996e-01   9.7437399999999996e-01   2.3230500000000001e-01
   2.2500000000000000e+00   1.9634799999999999e-01   6.2459699999999996e-01   9.7551699999999997e-01   2.3194200000000001e-01
   2.2549800000000002e+00   1.9634799999999999e-01   6.2328300000000003e-01   9.7665599999999997e-01   2.3159900000000000e-01
   2.2599600000000000e+00   1.9634799999999999e-01   6.2192700000000001e-01   9.7779199999999999e-01   2.3127600000000001e-01
   2.2650399999999999e+00   1.9634799999999999e-01   6.2060000000000004e-01   9.7894700000000001e-01   2.3093500000000000e-01
   2.2700200000000001e+00   1.9634799999999999e-01   6.1936500000000005e-01   9.8008099999999998e-01   2.3068300000000000e-01
   2.2749999999999999e+00   1.9634799999999999e-01   6.1827900000000002e-01   9.8120600000000002e-01   2.3043200000000000e-01
   2.2799800000000001e+00   1.9634799999999999e-01   6.1711000000000005e-01   9.8233700000000002e-01   2.3016600000000001e-01
   2.2849599999999999e+00   1.9634799999999999e-01   6.1586600000000002e-01   9.8347099999999998e-01   2.2978899999999999e-01
   2.2900399999999999e+00   1.9634799999999999e-01   6.1450000000000005e-01   9.8462000000000005e-01   2.2949500000000000e-01
   2.2950200000000001e+00   1.9634799999999999e-01   6.1311599999999999e-01   9.8574300000000004e-01   2.2931799999999999e-01
   2.2999999999999998e+00   1.9634799999999999e-01   6.1179700000000004e-01   9.8687100000000005e-01   2.2911100000000001e-01
   2.3049800000000000e+00   1.9634799999999999e-01   6.1038400000000004e-01   9.8799000000000003e-01   2.2888700000000001e-01
   2.3099599999999998e+00   1.9634799999999999e-01   6.0904400000000003e-01   9.8911000000000004e-01   2.2856199999999999e-01
   2.3150400000000002e+00   1.9634799999999999e-01   6.0759399999999997e-01   9.9025300000000005e-01   2.2829700000000000e-01
   2.3200200000000000e+00   1.9634799999999999e-01   6.0628499999999996e-01   9.9136899999999994e-01   2.2804500000000000e-01
   2.3250000000000002e+00   1.9634799999999999e-01   6.0485599999999995e-01   9.9247300000000005e-01   2.2775300000000001e-01
   2.3299799999999999e+00   1.9634799999999999e-01   6.0352300000000003e-01   9.9360400000000004e-01   2.2748900000000000e-01
   2.3349600000000001e+00   1.9634799999999999e-01   6.0215600000000002e-01   9.9472200000000000e-01   2.2723900000000000e-01
   2.3400400000000001e+00   1.9634799999999999e-01   6.0068100000000002e-01   9.9586200000000002e-01   2.2700100000000001e-01
   2.3450199999999999e+00   1.9634799999999999e-01   5.9912100000000001e-01   9.9697300000000000e-01   2.2674300000000000e-01
   2.3500000000000001e+00   1.9634799999999999e-01   5.9766900000000001e-01   9.9809400000000004e-01   2.2649400000000000e-01
   2.3549799999999999e+00   1.9634799999999999e-01   5.9627500000000000e-01   9.9920100000000001e-01   2.2624500000000000e-01
   2.3599600000000001e+00   1.9634799999999999e-01   5.9481899999999999e-01   1.0003200000000001e+00   2.2600000000000001e-01
   2.3650400000000000e+00   1.9634799999999999e-01   5.9329399999999999e-01   1.0014500000000000e+00   2.2575400000000001e-01
   2.3700199999999998e+00   1.9634799999999999e-01   5.9161500000000000e-01   1.0025599999999999e+00   2.2550600000000001e-01
   2.3750000000000000e+00   1.9634799999999999e-01   5.9008099999999997e-01   1.0036499999999999e+00   2.2524200000000000e-01
   2.3799800000000002e+00   1.9634799999999999e-01   5.8891300000000002e-01   1.0047699999999999e+00   2.2499600000000000e-01
   2.3849600000000000e+00   1.9634799999999999e-01   5.8818700000000002e-01   1.0058700000000000e+00   2.2474200000000000e-01
   2.3900399999999999e+00   1.9634799999999999e-01   5.8803300000000003e-01   1.0069999999999999e+00   2.2449200000000000e-01
   2.3950200000000001e+00   1.9634799999999999e-01   5.8744700000000005e-01   1.0080800000000001e+00   2.2420899999999999e-01
   2.3999999999999999e+00   1.9634799999999999e-01   5.8702399999999999e-01   1.0091699999999999e+00   2.2392699999999999e-01
   2.4049800000000001e+00   1.9634799999999999e-01   5.8818499999999996e-01   1.0102599999999999e+00   2.2367300000000001e-01
   2.4099599999999999e+00   1.9634799999999999e-01   5.8848400000000001e-01   1.0113600000000000e+00   2.2345599999999999e-01
   2.4150399999999999e+00   1.9634799999999999e-01   5.8955800000000003e-01   1.0124599999999999e+00   2.2321400000000000e-01
   2.4200200000000001e+00   1.9634799999999999e-01   5.9008899999999997e-01   1.0135400000000001e+00   2.2302200000000000e-01
   2.4249999999999998e+00   1.9634799999999999e-01   5.9296599999999999e-01   1.0146299999999999e+00   2.2291200000000000e-01
   2.4299800000000000e+00   1.9634799999999999e-01   5.9643299999999999e-01   1.0157200000000000e+00   2.2266300000000000e-01
   2.4349599999999998e+00   1.9634799999999999e-01   6.0014299999999998e-01   1.0168100000000000e+00   2.2243399999999999e-01
   2.4400400000000002e+00   1.9634799999999999e-01   6.0300600000000004e-01   1.0179100000000001e+00   2.2217999999999999e-01
   2.4450200000000000e+00   1.9634799999999999e-01   6.0538499999999995e-01   1.0189900000000001e+00   2.2193700000000000e-01
   2.4500000000000002e+00   1.9634799999999999e-01   6.0743899999999995e-01   1.0200700000000000e+00   2.2174500000000000e-01
   2.4549799999999999e+00   1.9634799999999999e-01   6.0905799999999999e-01   1.0211399999999999e+00   2.2156000000000001e-01
   2.4599600000000001e+00   1.9634799999999999e-01   6.1026000000000002e-01   1.0222100000000001e+00   2.2141200000000000e-01
   2.4650400000000001e+00   1.9634799999999999e-01   6.1101399999999995e-01   1.0233000000000001e+00   2.2131000000000001e-01
   2.4700199999999999e+00   1.9634799999999999e-01   6.1120200000000002e-01   1.0243800000000001e+00   2.2116300000000000e-01
   2.4750000000000001e+00   1.9634799999999999e-01   6.1112800000000000e-01   1.0254500000000000e+00   2.2091100000000000e-01
   2.4799799999999999e+00   1.9634799999999999e-01   6.1170300000000000e-01   1.0265299999999999e+00   2.2072400000000000e-01
   2.4849600000000001e+00   1.9634799999999999e-01   6.1442099999999999e-01   1.0275900000000000e+00   2.2051999999999999e-01
   2.4900400000000000e+00   1.9634799999999999e-01   6.1949500000000002e-01   1.0286900000000001e+00   2.2034999999999999e-01
   2.4950199999999998e+00   1.9634799999999999e-01   6.2238599999999999e-01   1.0297600000000000e+00   2.2020200000000001e-01
   2.5000000000000000e+00   1.9634799999999999e-01   6.2386399999999997e-01   1.0308299999999999e+00   2.2008100000000000e-01
   2.5049800000000002e+00   1.9634799999999999e-01   6.2497100000000005e-01   1.0319000000000000e+00   2.2001899999999999e-01
   2.5099600000000000e+00   1.9634799999999999e-01   6.2562700000000004e-01   1.0329600000000001e+00   2.1984300000000001e-01
   2.5150399999999999e+00   1.9634799999999999e-01   6.2647299999999995e-01   1.0340499999999999e+00   2.1964000000000000e-01
   2.5200200000000001e+00   1.9634799999999999e-01   6.2761000000000000e-01   1.0351200000000000e+00   2.1947000000000000e-01
   2.5249999999999999e+00   1.9634799999999999e-01   6.3024800000000003e-01   1.0362000000000000e+00   2.1931300000000001e-01
   2.5299800000000001e+00   1.9634799999999999e-01   6.3267300000000004e-01   1.0372600000000001e+00   2.1919800000000000e-01
   2.5349599999999999e+00   1.9634799999999999e-01   6.3676299999999997e-01   1.0383300000000000e+00   2.1912499999999999e-01
   2.5400399999999999e+00   1.9634799999999999e-01   6.3952600000000004e-01   1.0394099999999999e+00   2.1901999999999999e-01
   2.5450200000000001e+00   1.9634799999999999e-01   6.3957900000000001e-01   1.0404800000000001e+00   2.1897300000000000e-01
   2.5499999999999998e+00   1.9634799999999999e-01   6.3955600000000001e-01   1.0415500000000000e+00   2.1884999999999999e-01
   2.5549800000000000e+00   1.9634799999999999e-01   6.3921200000000000e-01   1.0426200000000001e+00   2.1869900000000000e-01
   2.5599599999999998e+00   1.9634799999999999e-01   6.3882099999999997e-01   1.0436900000000000e+00   2.1858400000000000e-01
   2.5650400000000002e+00   1.9634799999999999e-01   6.3969100000000001e-01   1.0447700000000000e+00   2.1846199999999999e-01
   2.5700200000000000e+00   1.9634799999999999e-01   6.4107599999999998e-01   1.0458400000000001e+00   2.1837699999999999e-01
   2.5750000000000002e+00   1.9634799999999999e-01   6.4227000000000001e-01   1.0468999999999999e+00   2.1829599999999999e-01
   2.5799799999999999e+00   1.9634799999999999e-01   6.4384399999999997e-01   1.0479600000000000e+00   2.1824399999999999e-01
   2.5849600000000001e+00   1.9634799999999999e-01   6.4375099999999996e-01   1.0490299999999999e+00   2.1818499999999999e-01
   2.5900400000000001e+00   1.9634799999999999e-01   6.4353499999999997e-01   1.0501100000000001e+00   2.1809500000000001e-01
   2.5950199999999999e+00   1.9634799999999999e-01   6.4381699999999997e-01   1.0511800000000000e+00   2.1797600000000000e-01
   2.6000000000000001e+00   1.9634799999999999e-01   6.4317999999999997e-01   1.0522400000000001e+00   2.1784999999999999e-01
   2.6049799999999999e+00   1.9634799999999999e-01   6.4505800000000002e-01   1.0532999999999999e+00   2.1775700000000001e-01
   2.6099600000000001e+00   1.9634799999999999e-01   6.4575700000000003e-01   1.0543700000000000e+00   2.1769900000000000e-01
   2.6150400000000000e+00   1.9634799999999999e-01   6.4638499999999999e-01   1.0554399999999999e+00   2.1763199999999999e-01
   2.6200199999999998e+00   1.9634799999999999e-01   6.4692300000000003e-01   1.0565000000000000e+00   2.1759300000000001e-01
   2.6250000000000000e+00   1.9634799999999999e-01   6.4732000000000001e-01   1.0575600000000001e+00   2.1757799999999999e-01
   2.6299800000000002e+00   1.9634799999999999e-01   6.4727900000000005e-01   1.0586300000000000e+00   2.1749399999999999e-01
   2.6349600000000000e+00   1.9634799999999999e-01   6.4625999999999995e-01   1.0596900000000000e+00   2.1739500000000000e-01
   2.6400399999999999e+00   1.9634799999999999e-01   6.4703500000000003e-01   1.0607700000000000e+00   2.1731400000000001e-01
   2.6450200000000001e+00   1.9634799999999999e-01   6.4969299999999996e-01   1.0618300000000001e+00   2.1723300000000001e-01
   2.6499999999999999e+00   1.9634799999999999e-01   6.5075000000000005e-01   1.0629000000000000e+00   2.1720200000000001e-01
   2.6549800000000001e+00   1.9634799999999999e-01   6.5096500000000002e-01   1.0639500000000000e+00   2.1714700000000001e-01
   2.6599599999999999e+00   1.9634799999999999e-01   6.5394900000000000e-01   1.0650100000000000e+00   2.1711200000000000e-01
   2.6650399999999999e+00   1.9634799999999999e-01   6.5559599999999996e-01   1.0660900000000000e+00   2.1709600000000001e-01
   2.6700200000000001e+00   1.9634799999999999e-01   6.5713400000000000e-01   1.0671500000000000e+00   2.1710900000000000e-01
   2.6749999999999998e+00   1.9634799999999999e-01   6.5864000000000000e-01   1.0682100000000001e+00   2.1702800000000000e-01
   2.6799800000000000e+00   1.9634799999999999e-01   6.5930200000000005e-01   1.0692800000000000e+00   2.1697200000000000e-01
   2.6849599999999998e+00   1.9634799999999999e-01   6.6053799999999996e-01   1.0703400000000001e+00   2.1692700000000001e-01
   2.6900400000000002e+00   1.9634799999999999e-01   6.6168600000000000e-01   1.0714300000000001e+00   2.1690899999999999e-01
   2.6950200000000000e+00   1.9634799999999999e-01   6.6513000000000000e-01   1.0724899999999999e+00   2.1688299999999999e-01
   2.7000000000000002e+00   1.9634799999999999e-01   6.6688199999999997e-01   1.0735500000000000e+00   2.1684999999999999e-01
   2.7049799999999999e+00   1.9634799999999999e-01   6.6785899999999998e-01   1.0746000000000000e+00   2.1686800000000001e-01
   2.7099600000000001e+00   1.9634799999999999e-01   6.6858899999999999e-01   1.0756699999999999e+00   2.1689300000000000e-01
   2.7150400000000001e+00   1.9634799999999999e-01   6.7018699999999998e-01   1.0767500000000001e+00   2.1691900000000000e-01
   2.7200199999999999e+00   1.9634799999999999e-01   6.7163300000000004e-01   1.0778099999999999e+00   2.1693999999999999e-01
   2.7250000000000001e+00   1.9634799999999999e-01   6.7254800000000003e-01   1.0788700000000000e+00   2.1690799999999999e-01
   2.7299799999999999e+00   1.9634799999999999e-01   6.7532400000000004e-01   1.0799300000000001e+00   2.1685699999999999e-01
   2.7349600000000001e+00   1.9634799999999999e-01   6.7805099999999996e-01   1.0809899999999999e+00   2.1681700000000001e-01
   2.7400400000000000e+00   1.9634799999999999e-01   6.8034300000000003e-01   1.0820799999999999e+00   2.1677399999999999e-01
   2.7450199999999998e+00   1.9634799999999999e-01   6.8152900000000005e-01   1.0831599999999999e+00   2.1674700000000000e-01
   2.7500000000000000e+00   1.9634799999999999e-01   6.8335199999999996e-01   1.0842099999999999e+00   2.1669700000000000e-01
   2.7549800000000002e+00   1.9634799999999999e-01   6.8412799999999996e-01   1.0852800000000000e+00   2.1664400000000000e-01
   2.7599600000000000e+00   1.9634799999999999e-01   6.8433299999999997e-01   1.0863499999999999e+00   2.1659400000000001e-01
   2.7650399999999999e+00   1.9634799999999999e-01   6.8564300000000000e-01   1.0874299999999999e+00   2.1657100000000001e-01
   2.7700200000000001e+00   1.9634799999999999e-01   6.8616100000000002e-01   1.0885000000000000e+00   2.1655600000000000e-01
   2.7749999999999999e+00   1.9634799999999999e-01   6.8790899999999999e-01   1.0895699999999999e+00   2.1657000000000001e-01
   2.7799800000000001e+00   1.9634799999999999e-01   6.8829200000000001e-01   1.0906400000000001e+00   2.1657299999999999e-01
   2.7849599999999999e+00   1.9634799999999999e-01   6.9070200000000004e-01   1.0917100000000000e+00   2.1652099999999999e-01
   2.7900399999999999e+00   1.9634799999999999e-01   6.9321100000000002e-01   1.0928000000000000e+00   2.1646299999999999e-01
   2.7950200000000001e+00   1.9634799999999999e-01   6.9491999999999998e-01   1.0938699999999999e+00   2.1642000000000000e-01
   2.7999999999999998e+00   1.9634799999999999e-01   6.9576700000000002e-01   1.0949400000000000e+00   2.1639600000000001e-01
   2.8049800000000000e+00   1.9634799999999999e-01   6.9742599999999999e-01   1.0960099999999999e+00   2.1637899999999999e-01
   2.8099599999999998e+00   1.9634799999999999e-01   6.9916999999999996e-01   1.0970800000000001e+00   2.1636700000000000e-01
   2.8150400000000002e+00   1.9634799999999999e-01   7.0052899999999996e-01   1.0981799999999999e+00   2.1638399999999999e-01
   2.8200200000000000e+00   1.9634799999999999e-01   7.0098000000000005e-01   1.0992500000000001e+00   2.1638900000000000e-01
   2.8250000000000002e+00   1.9634799999999999e-01   7.0037099999999997e-01   1.1003300000000000e+00   2.1639900000000001e-01
   2.8299799999999999e+00   1.9634799999999999e-01   7.0014100000000001e-01   1.1013900000000001e+00   2.1640799999999999e-01
   2.8349600000000001e+00   1.9634799999999999e-01   7.0040100000000005e-01   1.1024600000000000e+00   2.1643699999999999e-01
   2.8400400000000001e+00   1.9634799999999999e-01   7.0146500000000001e-01   1.1035500000000000e+00   2.1647500000000000e-01
   2.8450199999999999e+00   1.9634799999999999e-01   7.0084199999999996e-01   1.1046300000000000e+00   2.1649399999999999e-01
   2.8500000000000001e+00   1.9634799999999999e-01   7.0185200000000003e-01   1.1056999999999999e+00   2.1648800000000001e-01
   2.8549799999999999e+00   1.9634799999999999e-01   7.0285799999999998e-01   1.1067800000000001e+00   2.1647900000000000e-01
   2.8599600000000001e+00   1.9634799999999999e-01   7.0318199999999997e-01   1.1078399999999999e+00   2.1646799999999999e-01
   2.8650400000000000e+00   1.9634799999999999e-01   7.0347599999999999e-01   1.1089400000000000e+00   2.1645000000000000e-01
   2.8700199999999998e+00   1.9634799999999999e-01   7.0429799999999998e-01   1.1100099999999999e+00   2.1645600000000001e-01
   2.8750000000000000e+00   1.9634799999999999e-01   7.0401000000000002e-01   1.1110899999999999e+00   2.1646599999999999e-01
   2.8799800000000002e+00   1.9634799999999999e-01   7.0375200000000004e-01   1.1121600000000000e+00   2.1647200000000000e-01
   2.8849600000000000e+00   1.9634799999999999e-01   7.0314699999999997e-01   1.1132299999999999e+00   2.1647500000000000e-01
   2.8900399999999999e+00   1.9634799999999999e-01   7.0224600000000004e-01   1.1143300000000000e+00   2.1649399999999999e-01
   2.8950200000000001e+00   1.9634799999999999e-01   7.0133500000000004e-01   1.1153999999999999e+00   2.1650900000000001e-01
   2.8999999999999999e+00   1.9634799999999999e-01   7.0225099999999996e-01   1.1164700000000001e+00   2.1653500000000001e-01
   2.9049800000000001e+00   1.9634799999999999e-01   7.0385799999999998e-01   1.1175400000000000e+00   2.1656900000000001e-01
   2.9099599999999999e+00   1.9634799999999999e-01   7.0652300000000001e-01   1.1186100000000001e+00   2.1661300000000000e-01
   2.9150399999999999e+00   1.9634799999999999e-01   7.0708700000000002e-01   1.1197100000000000e+00   2.1663499999999999e-01
   2.9200200000000001e+00   1.9634799999999999e-01   7.0684100000000005e-01   1.1207800000000001e+00   2.1664500000000000e-01
   2.9249999999999998e+00   1.9634799999999999e-01   7.0818800000000004e-01   1.1218500000000000e+00   2.1665799999999999e-01
   2.9299800000000000e+00   1.9634799999999999e-01   7.0733500000000005e-01   1.1229300000000000e+00   2.1665000000000001e-01
   2.9349599999999998e+00   1.9634799999999999e-01   7.0706899999999995e-01   1.1240100000000000e+00   2.1664000000000000e-01
   2.9400400000000002e+00   1.9634799999999999e-01   7.0677599999999996e-01   1.1251100000000001e+00   2.1662400000000001e-01
   2.9450200000000000e+00   1.9634799999999999e-01   7.0674899999999996e-01   1.1261699999999999e+00   2.1661100000000000e-01
   2.9500000000000002e+00   1.9634799999999999e-01   7.0699699999999999e-01   1.1272500000000001e+00   2.1660699999999999e-01
   2.9549799999999999e+00   1.9634799999999999e-01   7.0690299999999995e-01   1.1283200000000000e+00   2.1661600000000000e-01
   2.9599600000000001e+00   1.9634799999999999e-01   7.0739300000000005e-01   1.1294000000000000e+00   2.1661700000000000e-01
   2.9650400000000001e+00   1.9634799999999999e-01   7.0727799999999996e-01   1.1304900000000000e+00   2.1662799999999999e-01
   2.9700199999999999e+00   1.9634799999999999e-01   7.0699000000000001e-01   1.1315700000000000e+00   2.1664500000000000e-01
   2.9750000000000001e+00   1.9634799999999999e-01   7.0776799999999995e-01   1.1326400000000001e+00   2.1667800000000001e-01
   2.9799799999999999e+00   1.9634799999999999e-01   7.0895399999999997e-01   1.1337100000000000e+00   2.1670300000000001e-01
   2.9849600000000001e+00   1.9634799999999999e-01   7.1144399999999997e-01   1.1347900000000000e+00   2.1673700000000001e-01
   2.9900400000000000e+00   1.9634799999999999e-01   7.1339200000000003e-01   1.1358800000000000e+00   2.1676699999999999e-01
   2.9950199999999998e+00   1.9634799999999999e-01   7.1435800000000005e-01   1.1369600000000000e+00   2.1680099999999999e-01
   3.0000000000000000e+00   1.9634799999999999e-01   7.1462099999999995e-01   1.1380300000000001e+00   2.1681500000000001e-01
