   5.0000000000000000e-01   1.3517379000000000e+00
   4.9206928999999999e-01   1.3516807000000000e+00
   4.9826788000000000e-01   1.3517321000000000e+00
   4.9375000000000002e-01   1.3517139000000000e+00
   4.8749999999999999e-01   1.3515927000000001e+00
   4.8004068999999999e-01   1.3512093000000001e+00
   4.8597765999999998e-01   1.3515223000000001e+00
   4.8125000000000001e-01   1.3512929000000000e+00
   4.7499999999999998e-01   1.3508567000000000e+00
   4.6644743000000000e-01   1.3500000000000001e+00
   4.7421512999999998e-01   1.3507849000000001e+00
   4.6875000000000000e-01   1.3502696000000001e+00
   4.6291389999999999e-01   1.3495861000000000e+00
   4.6250000000000002e-01   1.3495368999999999e+00
   4.5740169000000003e-01   1.3488483000000000e+00
   4.5197322000000001e-01   1.3480268000000000e+00
   4.5740169000000003e-01   1.3488483000000000e+00
   4.5000000000000001e-01   1.3477136000000001e+00
   4.4662647999999999e-01   1.3471234999999999e+00
   4.4135862999999997e-01   1.3461414000000000e+00
   4.4662647999999999e-01   1.3471234999999999e+00
   4.3750000000000000e-01   1.3453691000000001e+00
   4.3617023999999999e-01   1.3450797999999999e+00
   4.3106742999999997e-01   1.3439326000000000e+00
   4.3617023999999999e-01   1.3450797999999999e+00
   4.2604164000000000e-01   1.3427084000000000e+00
   4.3031971000000002e-01   1.3437500000000000e+00
   4.3031971000000002e-01   1.3437500000000000e+00
   4.2499999999999999e-01   1.3424501000000000e+00
   4.1617239000000000e-01   1.3400776000000001e+00
   4.2107504000000001e-01   1.3414250000000001e+00
   4.1875000000000001e-01   1.3408026000000000e+00
   4.1249999999999998e-01   1.3390131000000001e+00
   4.1133977999999999e-01   1.3386602000000001e+00
   4.0759877000000000e-01   1.3374999999999999e+00
   4.0186873000000001e-01   1.3356313000000000e+00
   4.0656800999999998e-01   1.3371820000000001e+00
   4.0000000000000002e-01   1.3349991999999999e+00
   3.9722300999999999e-01   1.3340270000000001e+00
   3.9264300000000002e-01   1.3323570000000000e+00
   3.9722300999999999e-01   1.3340270000000001e+00
   3.8812486000000002e-01   1.3306251000000000e+00
   3.8976124000000001e-01   1.3312500000000000e+00
   3.8976124000000001e-01   1.3312500000000000e+00
   3.8750000000000001e-01   1.3303782000000000e+00
   3.7926704999999999e-01   1.3269830000000000e+00
   3.8367240000000002e-01   1.3288276000000001e+00
   3.8124999999999998e-01   1.3278224999999999e+00
   3.7500000000000000e-01   1.3251331000000000e+00
   3.7490794000000000e-01   1.3250921000000000e+00
   3.7470780999999997e-01   1.3250000000000000e+00
   3.6637936999999998e-01   1.3211206000000000e+00
   3.7062125000000001e-01   1.3231287000000000e+00
   3.6249999999999999e-01   1.3192142000000000e+00
   3.6159629999999998e-01   1.3187500000000001e+00
   3.6219112999999997e-01   1.3190588999999999e+00
   3.6219112999999997e-01   1.3190588999999999e+00
   3.5399546999999998e-01   1.3147545000000000e+00
   3.5807144000000002e-01   1.3169286000000000e+00
   3.5625000000000001e-01   1.3159623000000000e+00
   3.4999999999999998e-01   1.3125739999999999e+00
   3.4995243999999998e-01   1.3125476000000000e+00
   3.4986995999999998e-01   1.3125000000000000e+00
   3.4205376999999998e-01   1.3079461999999999e+00
   3.4598183999999998e-01   1.3102682000000001e+00
   3.3817752000000001e-01   1.3055725000000000e+00
   3.3928831999999998e-01   1.3062499999999999e+00
   3.3928831999999998e-01   1.3062499999999999e+00
   3.3750000000000002e-01   1.3051439000000000e+00
   3.2955538000000001e-01   1.3000000000000000e+00
   3.3435780999999998e-01   1.3031421999999999e+00
   3.3124999999999999e-01   1.3011288999999999e+00
   3.2682981000000000e-01   1.2981701999999999e+00
   3.2500000000000001e-01   1.2968964999999999e+00
   3.2056435999999999e-01   1.2937500000000000e+00
   3.2314936999999999e-01   1.2956006000000000e+00
   3.2314936999999999e-01   1.2956006000000000e+00
   3.1592044000000002e-01   1.2903296000000000e+00
   3.1950511999999998e-01   1.2929949000000001e+00
   3.1874999999999998e-01   1.2924348000000001e+00
   3.1250000000000000e-01   1.2877597999999999e+00
   3.1235204000000000e-01   1.2876479999999999e+00
   3.1216389000000000e-01   1.2875000000000001e+00
   3.0537956999999999e-01   1.2821203999999999e+00
   3.0884930999999999e-01   1.2849006999999999e+00
   3.0196662000000002e-01   1.2792834000000000e+00
   3.0433482000000001e-01   1.2812500000000000e+00
   3.0433482000000001e-01   1.2812500000000000e+00
   2.9999999999999999e-01   1.2776078000000000e+00
   2.9859223000000001e-01   1.2764078000000001e+00
   2.9697273000000002e-01   1.2749999999999999e+00
   2.9195235000000003e-01   1.2705477000000001e+00
   2.9524686000000000e-01   1.2735031000000001e+00
   2.8869978000000002e-01   1.2675502000000001e+00
   2.9000299000000002e-01   1.2687500000000000e+00
   2.9000299000000002e-01   1.2687500000000000e+00
   2.8749999999999998e-01   1.2664059000000001e+00
   2.8550076000000002e-01   1.2644991999999999e+00
   2.8343065000000001e-01   1.2625000000000000e+00
   2.7918848000000002e-01   1.2583115000000000e+00
   2.8232086000000001e-01   1.2614291000000000e+00
   2.7610128000000000e-01   1.2551486999999999e+00
   2.7717628000000000e-01   1.2562500000000001e+00
   2.7717628000000000e-01   1.2562500000000001e+00
   2.7500000000000002e-01   1.2539796000000001e+00
   2.7306850999999999e-01   1.2519315000000000e+00
   2.7127062000000002e-01   1.2500000000000000e+00
   2.6708305999999998e-01   1.2454168999999999e+00
   2.7005550000000000e-01   1.2486945000000000e+00
   2.6416085000000000e-01   1.2420891999999999e+00
   2.6561802000000001e-01   1.2437499999999999e+00
   2.6561802000000001e-01   1.2437499999999999e+00
   2.6250000000000001e-01   1.2401312000000000e+00
   2.6129086000000001e-01   1.2387090999999999e+00
   2.6028210000000002e-01   1.2375000000000000e+00
   2.5563898000000002e-01   1.2318610000000001e+00
   2.5844943999999997e-01   1.2353006000000000e+00
   2.5028591000000000e-01   1.2250000000000001e+00
   2.5515322000000001e-01   1.2312500000000000e+00
   2.5515322000000001e-01   1.2312500000000000e+00
   2.5016200000000000e-01   1.2248380000000001e+00
   2.5000000000000000e-01   1.2246210000000000e+00
   2.4563412000000001e-01   1.2187500000000000e+00
   2.4748734999999999e-01   1.2212626000000000e+00
   2.4748734999999999e-01   1.2212626000000000e+00
   2.4117540000000001e-01   1.2124999999999999e+00
   2.4483621999999999e-01   1.2176638000000000e+00
   2.4374999999999999e-01   1.2161394999999999e+00
   2.3967118000000001e-01   1.2103288000000001e+00
   2.3749999999999999e-01   1.2071284000000000e+00
   2.3690838000000000e-01   1.2062500000000000e+00
   2.3714429000000001e-01   1.2066056999999999e+00
   2.3714429000000001e-01   1.2066056999999999e+00
   2.3466450999999999e-01   1.2028354999999999e+00
   2.3284236000000000e-01   1.2000000000000000e+00
   2.2981220999999999e-01   1.1951878000000000e+00
   2.3222135999999999e-01   1.1990286000000001e+00
   2.2518588000000000e-01   1.1875000000000000e+00
   2.2892821999999999e-01   1.1937500000000001e+00
   2.2892821999999999e-01   1.1937500000000001e+00
   2.2511723000000000e-01   1.1873828000000000e+00
   2.2500000000000001e-01   1.1871776999999999e+00
   2.2162171000000000e-01   1.1812499999999999e+00
   2.2283907000000000e-01   1.1834108999999999e+00
   2.2283907000000000e-01   1.1834108999999999e+00
   2.1818071999999999e-01   1.1750000000000000e+00
   2.2059284000000001e-01   1.1794072000000000e+00
   2.1875000000000000e-01   1.1760434000000000e+00
   2.1621038000000001e-01   1.1712895999999999e+00
   2.1408151000000000e-01   1.1671685000000001e+00
   2.1489273000000000e-01   1.1687500000000000e+00
   2.1489273000000000e-01   1.1687500000000000e+00
   2.1249999999999999e-01   1.1640138000000000e+00
   2.1199328000000001e-01   1.1630066999999999e+00
   2.0873245000000001e-01   1.1562500000000000e+00
   2.1174285000000001e-01   1.1625000000000001e+00
   2.0994608000000001e-01   1.1588039000000001e+00
   2.0584995000000000e-01   1.1499999999999999e+00
   2.0794024000000000e-01   1.1545597999999999e+00
   2.0624999999999999e-01   1.1508741000000000e+00
   2.0405102999999999e-01   1.1459490000000001e+00
   2.0045457000000000e-01   1.1375000000000000e+00
   2.0309403000000001e-01   1.1437500000000000e+00
   2.0309403000000001e-01   1.1437500000000000e+00
   2.0032225000000001e-01   1.1371777000000001e+00
   2.0000000000000001e-01   1.1363761999999999e+00
   1.9794229999999999e-01   1.1312500000000001e+00
   1.9852628000000000e-01   1.1327236999999999e+00
   1.9852628000000000e-01   1.1327236999999999e+00
   1.9677285999999999e-01   1.1282270999999999e+00
   1.9554906999999999e-01   1.1250000000000000e+00
   1.9338772000000001e-01   1.1191123000000001e+00
   1.9506093999999999e-01   1.1236891000000000e+00
   1.9107894000000000e-01   1.1125000000000000e+00
   1.9325724000000000e-01   1.1187499999999999e+00
   1.9325724000000000e-01   1.1187499999999999e+00
   1.9017876000000000e-01   1.1098212000000001e+00
   1.8864123999999999e-01   1.1051088000000000e+00
   1.8900486999999999e-01   1.1062500000000000e+00
   1.8900486999999999e-01   1.1062500000000000e+00
   1.8750000000000000e-01   1.1014667000000000e+00
   1.8714931000000001e-01   1.1003506999999999e+00
   1.8518961000000000e-01   1.0937500000000000e+00
   1.8704092999999999e-01   1.1000000000000001e+00
   1.8571198000000000e-01   1.0955379999999999e+00
   1.8432011000000001e-01   1.0906799000000000e+00
   1.8178094000000000e-01   1.0812500000000000e+00
   1.8343617000000001e-01   1.0874999999999999e+00
   1.8297342999999999e-01   1.0857766000000000e+00
   1.8024274000000001e-01   1.0750000000000000e+00
   1.8167447000000000e-01   1.0808255000000000e+00
   1.8124999999999999e-01   1.0790983000000001e+00
   1.7925339000000001e-01   1.0707466000000001e+00
   1.7745489000000000e-01   1.0625000000000000e+00
   1.7879780000000001e-01   1.0687500000000001e+00
   1.7879780000000001e-01   1.0687500000000001e+00
   1.7704183000000001e-01   1.0604582000000000e+00
   1.7506611000000000e-01   1.0500000000000000e+00
   1.7620573000000000e-01   1.0562499999999999e+00
   1.7620573000000000e-01   1.0562499999999999e+00
   1.7505675000000001e-01   1.0499432000000000e+00
   1.7499999999999999e-01   1.0495928000000001e+00
   1.7405414000000000e-01   1.0437500000000000e+00
   1.7418462000000001e-01   1.0445654000000000e+00
   1.7418462000000001e-01   1.0445654000000000e+00
   1.7338155000000000e-01   1.0391185000000001e+00
   1.7235812000000000e-01   1.0312500000000000e+00
   1.7315092000000001e-01   1.0375000000000001e+00
   1.7265187000000001e-01   1.0335981000000001e+00
   1.7200483999999999e-01   1.0279952000000001e+00
   1.7113698999999999e-01   1.0187500000000000e+00
   1.7168764000000000e-01   1.0249999999999999e+00
   1.7144828000000001e-01   1.0223017000000001e+00
   1.7098691999999999e-01   1.0165131000000001e+00
   1.7047135999999999e-01   1.0062500000000001e+00
   1.7072979999999999e-01   1.0125000000000000e+00
   1.7065150000000001e-01   1.0105985000000000e+00
   1.7044962000000000e-01   1.0045504000000001e+00
   4.9469202000000001e-01   9.9905798000000001e-01
   4.8845122000000002e-01   9.9904877999999997e-01
   4.9469202000000001e-01   9.9905798000000001e-01
   4.8749999999999999e-01   9.9904742000000002e-01
   4.8223029000000001e-01   9.9901971000000001e-01
   4.7602713000000002e-01   9.9897287000000001e-01
   4.8223029000000001e-01   9.9901971000000001e-01
   4.7499999999999998e-01   9.9896463000000002e-01
   4.6984200999999998e-01   9.9890798999999997e-01
   4.6366919000000001e-01   9.9883080999999996e-01
   4.6984200999999998e-01   9.9890798999999997e-01
   4.6250000000000002e-01   9.9881569000000003e-01
   4.5751177999999998e-01   9.9873822000000001e-01
   4.5136707999999998e-01   9.9863292000000004e-01
   4.5751177999999998e-01   9.9873822000000001e-01
   4.5000000000000001e-01   9.9860879999999996e-01
   4.4524140000000001e-01   9.9850859999999997e-01
   4.3912616999999998e-01   9.9837383000000002e-01
   4.4524140000000001e-01   9.9850859999999997e-01
   4.3750000000000000e-01   9.9833744000000002e-01
   4.3302708000000001e-01   9.9822292000000001e-01
   4.2693691000000000e-01   9.9806309000000004e-01
   4.3302708000000001e-01   9.9822292000000001e-01
   4.2499999999999999e-01   9.9801194000000004e-01
   4.2086244000000000e-01   9.9788756000000001e-01
   4.1480288999999998e-01   9.9769711000000005e-01
   4.2086244000000000e-01   9.9788756000000001e-01
   4.1249999999999998e-01   9.9762360000000005e-01
   4.0875456999999998e-01   9.9749542999999996e-01
   4.0271890999999999e-01   9.9728108999999998e-01
   4.0875456999999998e-01   9.9749542999999996e-01
   4.0000000000000002e-01   9.9718286000000000e-01
   3.9669578999999999e-01   9.9705421000000005e-01
   3.9068804000000001e-01   9.9681196000000005e-01
   3.9669578999999999e-01   9.9705421000000005e-01
   3.8750000000000001e-01   9.9667969999999995e-01
   3.8469631999999998e-01   9.9655368000000000e-01
   3.7871649000000002e-01   9.9628351000000004e-01
   3.8469631999999998e-01   9.9655368000000000e-01
   3.7500000000000000e-01   9.9611141999999997e-01
   3.7275048999999999e-01   9.9599950999999998e-01
   3.6679927000000001e-01   9.9570073000000003e-01
   3.7275048999999999e-01   9.9599950999999998e-01
   3.6249999999999999e-01   9.9548033000000002e-01
   3.6086045999999999e-01   9.9538954000000002e-01
   3.5495183000000002e-01   9.9504817000000001e-01
   3.6086045999999999e-01   9.9538954000000002e-01
   3.4999999999999998e-01   9.9475440999999998e-01
   3.4905408999999998e-01   9.9469591000000002e-01
   3.4318533000000001e-01   9.9431466999999996e-01
   3.4905408999999998e-01   9.9469591000000002e-01
   3.3750000000000002e-01   9.9393341000000002e-01
   3.3500277000000001e-01   9.9375000000000002e-01
   3.3732868999999999e-01   9.9392130999999995e-01
   3.3732868999999999e-01   9.9392130999999995e-01
   3.2570929999999998e-01   9.9304070000000000e-01
   3.3150719000000001e-01   9.9349281000000000e-01
   3.3124999999999999e-01   9.9347379999999996e-01
   3.2500000000000001e-01   9.9298487000000002e-01
   3.1422126000000000e-01   9.9202873999999996e-01
   3.1994880999999997e-01   9.9255119000000003e-01
   3.1874999999999998e-01   9.9244758000000000e-01
   3.1250000000000000e-01   9.9186786000000005e-01
   3.0288167999999999e-01   9.9086832000000002e-01
   3.0853557999999998e-01   9.9146442000000001e-01
   3.0625000000000002e-01   9.9123030999999995e-01
   2.9999999999999999e-01   9.9055519999999997e-01
   2.9171676000000002e-01   9.8953323999999998e-01
   2.9727129000000002e-01   9.9022871000000001e-01
   2.9375000000000001e-01   9.8980122000000004e-01
   2.8749999999999998e-01   9.8896888999999999e-01
   2.7796816000000002e-01   9.8750000000000004e-01
   2.8621832000000003e-01   9.8878168000000000e-01
   2.8125000000000000e-01   9.8804009999999998e-01
   1.7050810000000000e-01   9.9375000000000002e-01
   1.7039868000000000e-01   1.0000000000000000e+00
   1.7043045000000001e-01   9.9831954999999994e-01
   1.7061498999999999e-01   9.9188500999999996e-01
   2.7541946000000000e-01   9.8708054000000001e-01
   2.7500000000000002e-01   9.8701068000000003e-01
   2.7011088000000000e-01   9.8613912000000004e-01
   2.6488023999999999e-01   9.8511976000000001e-01
   2.7011088000000000e-01   9.8613912000000004e-01
   2.6250000000000001e-01   9.8463124999999996e-01
   2.5972747000000002e-01   9.8402252999999995e-01
   2.5464664999999997e-01   9.8285334999999996e-01
   2.5972747000000002e-01   9.8402252999999995e-01
   2.5000000000000000e-01   9.8169161999999999e-01
   2.4841097000000001e-01   9.8124999999999996e-01
   2.4965341999999999e-01   9.8159658000000005e-01
   2.4965341999999999e-01   9.8159658000000005e-01
   2.3995490000000000e-01   9.7879510000000003e-01
   2.4476461999999999e-01   9.8023537999999999e-01
   2.4374999999999999e-01   9.7994497000000003e-01
   2.3749999999999999e-01   9.7802305000000000e-01
   2.2891291999999999e-01   9.7499999999999998e-01
   2.3522833000000001e-01   9.7727167000000004e-01
   2.3125000000000001e-01   9.7589890999999995e-01
   1.7143367000000001e-01   9.8124999999999996e-01
   1.7085692999999999e-01   9.8750000000000004e-01
   1.7107743000000000e-01   9.8517257000000003e-01
   1.7180224999999999e-01   9.7819774999999998e-01
   2.2609032000000001e-01   9.7390968000000000e-01
   2.2500000000000001e-01   9.7346533999999996e-01
   2.2169928999999999e-01   9.7205070999999998e-01
   2.1743543000000001e-01   9.7006457000000001e-01
   2.2169928999999999e-01   9.7205070999999998e-01
   2.1329028000000000e-01   9.6795971999999997e-01
   2.1485712000000001e-01   9.6875000000000000e-01
   2.1485712000000001e-01   9.6875000000000000e-01
   2.1249999999999999e-01   9.6754859999999998e-01
   2.0311148000000001e-01   9.6250000000000002e-01
   2.0913295000000001e-01   9.6586704999999995e-01
   2.0624999999999999e-01   9.6444848000000005e-01
   1.7305482999999999e-01   9.6875000000000000e-01
   1.7219005000000001e-01   9.7499999999999998e-01
   1.7275055000000000e-01   9.7099944999999999e-01
   1.7370193000000000e-01   9.6379806999999995e-01
   2.0123991999999999e-01   9.6126007999999996e-01
   2.0000000000000001e-01   9.6036400000000000e-01
   1.9612877000000001e-01   9.5625000000000004e-01
   1.9761279000000001e-01   9.5863721000000002e-01
   1.9761279000000001e-01   9.5863721000000002e-01
   1.9095543000000001e-01   9.4999999999999996e-01
   1.9521343999999999e-01   9.5478655999999995e-01
   1.9375000000000001e-01   9.5344912999999998e-01
   1.7596396000000000e-01   9.4999999999999996e-01
   1.7499999999999999e-01   9.5638330999999999e-01
   1.7503324000000001e-01   9.5625000000000004e-01
   1.7390248999999999e-01   9.6250000000000002e-01
   1.8990282999999999e-01   9.4759716999999999e-01
   1.8854656000000000e-01   9.3750000000000000e-01
   1.8867037000000000e-01   9.4374999999999998e-01
   1.8867037000000000e-01   9.4374999999999998e-01
   1.7626769000000000e-01   9.4873231000000002e-01
   1.7827092000000000e-01   9.3750000000000000e-01
   1.7693028000000000e-01   9.4374999999999998e-01
   1.7693028000000000e-01   9.4374999999999998e-01
   1.8851340999999999e-01   9.3648659000000001e-01
   1.8817877000000000e-01   9.2500000000000004e-01
   1.8830821000000000e-01   9.3125000000000002e-01
   1.8830821000000000e-01   9.3125000000000002e-01
   1.7772152999999999e-01   9.3477847000000003e-01
   1.7716588000000000e-01   9.2500000000000004e-01
   1.7704929000000000e-01   9.3125000000000002e-01
   1.7704929000000000e-01   9.3125000000000002e-01
   1.8866678000000001e-01   9.2383322000000001e-01
   1.8775223999999999e-01   9.1249999999999998e-01
   1.9059248000000001e-01   9.1874999999999996e-01
   1.9059248000000001e-01   9.1874999999999996e-01
   1.7691235999999999e-01   9.2308763999999999e-01
   1.7625761000000001e-01   9.1249999999999998e-01
   1.7638185000000001e-01   9.1874999999999996e-01
   1.7638185000000001e-01   9.1874999999999996e-01
   1.8768936000000000e-01   9.1231063999999995e-01
   1.8815683000000000e-01   9.0000000000000002e-01
   1.8750000000000000e-01   9.1172573999999995e-01
   1.8750000000000000e-01   9.0170525999999995e-01
   1.8600337000000000e-01   9.0774663000000000e-01
   1.7657513000000000e-01   9.1092487000000000e-01
   1.8600337000000000e-01   9.0774663000000000e-01
   1.7654035000000001e-01   9.0000000000000002e-01
   1.7725349000000001e-01   9.0625000000000000e-01
   1.7725349000000001e-01   9.0625000000000000e-01
   1.8799869000000000e-01   8.9950131000000000e-01
   1.8750000000000000e-01   8.9812771999999996e-01
   1.8597226000000000e-01   8.9375000000000004e-01
   1.8610226999999999e-01   8.9514773000000003e-01
   1.7667904000000001e-01   8.9832095999999995e-01
   1.8610226999999999e-01   8.9514773000000003e-01
   1.7721983999999999e-01   8.8749999999999996e-01
   1.8587255999999999e-01   8.8912743999999999e-01
   1.7690484000000001e-01   8.9375000000000004e-01
   1.7690484000000001e-01   8.9375000000000004e-01
   1.8772614000000001e-01   8.8102385999999999e-01
   1.8750000000000000e-01   8.8215615000000003e-01
   1.8777801999999999e-01   8.8124999999999998e-01
   1.8750000000000000e-01   8.8022681999999997e-01
   1.8574492000000001e-01   8.8749999999999996e-01
   1.7691663999999999e-01   8.8558336000000004e-01
   1.7690048000000000e-01   8.7500000000000000e-01
   1.8616509000000001e-01   8.7633490999999997e-01
   1.7651064999999999e-01   8.8124999999999998e-01
   1.7651064999999999e-01   8.8124999999999998e-01
   1.8612941999999999e-01   8.6875000000000002e-01
   1.8603516000000000e-01   8.7500000000000000e-01
   1.7685882000000000e-01   8.7314117999999996e-01
   1.8609518999999999e-01   8.7015480999999995e-01
   1.7765612000000000e-01   8.6250000000000004e-01
   1.8568238000000001e-01   8.6431762000000001e-01
   1.7684104000000000e-01   8.6875000000000002e-01
   1.7684104000000000e-01   8.6875000000000002e-01
   1.8826856000000000e-01   8.5548144000000004e-01
   1.8750000000000000e-01   8.5834295999999999e-01
   1.8852356000000001e-01   8.5624999999999996e-01
   1.8750000000000000e-01   8.5304780999999996e-01
   1.8530569000000000e-01   8.6250000000000004e-01
   1.7707998999999999e-01   8.6042001000000001e-01
   1.7662627000000000e-01   8.4999999999999998e-01
   1.8656924000000000e-01   8.5093076000000001e-01
   1.7649339000000000e-01   8.5624999999999996e-01
   1.7649339000000000e-01   8.5624999999999996e-01
   1.8602046999999999e-01   8.4375000000000000e-01
   1.8650874000000001e-01   8.4999999999999998e-01
   1.7674897000000001e-01   8.4825103000000002e-01
   1.8613002000000001e-01   8.4511997999999999e-01
   1.7584221000000000e-01   8.3750000000000002e-01
   1.8645199000000001e-01   8.3854801000000001e-01
   1.7709148000000000e-01   8.4375000000000000e-01
   1.7709148000000000e-01   8.4375000000000000e-01
   1.8535698000000000e-01   8.3125000000000004e-01
   1.8658126999999999e-01   8.3750000000000002e-01
   1.7595891000000000e-01   8.3654108999999999e-01
   1.8556507999999999e-01   8.3318492000000000e-01
   1.8467627000000000e-01   8.2782372999999998e-01
   1.7499999999999999e-01   8.3501380999999997e-01
   1.7373473000000000e-01   8.3125000000000004e-01
   1.7404320000000001e-01   8.3220680000000002e-01
   1.7404320000000001e-01   8.3220680000000002e-01
   1.7233369000000001e-01   8.2766631000000002e-01
   1.8241587000000001e-01   8.1874999999999998e-01
   1.8371967000000000e-01   8.2499999999999996e-01
   1.8327744000000001e-01   8.2297255999999996e-01
   1.8000010999999999e-01   8.1250000000000000e-01
   1.8213884000000000e-01   8.1786115999999998e-01
   1.8124999999999999e-01   8.1565884000000000e-01
   1.6975419000000000e-01   8.1874999999999998e-01
   1.7109584999999999e-01   8.2499999999999996e-01
   1.7045044000000001e-01   8.2329956000000004e-01
   1.6994102000000000e-01   8.1755898000000005e-01
   1.7930159000000001e-01   8.0819841000000003e-01
   1.7798168000000000e-01   8.0000000000000004e-01
   1.7908964999999999e-01   8.0625000000000002e-01
   1.7908964999999999e-01   8.0625000000000002e-01
   1.7102079000000001e-01   8.0625000000000002e-01
   1.7047870000000001e-01   8.1250000000000000e-01
   1.7067744000000001e-01   8.1057256000000000e-01
   1.7151506000000000e-01   8.0348494000000004e-01
   1.7747184999999999e-01   7.9752814999999999e-01
   1.7619029999999999e-01   7.9255969999999998e-01
   1.7667364999999999e-01   7.9374999999999996e-01
   1.7667364999999999e-01   7.9374999999999996e-01
   1.7499999999999999e-01   7.9091484999999995e-01
   1.7219588000000000e-01   8.0000000000000004e-01
   1.7304586999999999e-01   7.9570412999999995e-01
   1.7151849999999999e-01   7.6875000000000004e-01
   1.6687581000000001e-01   7.7062419000000004e-01
   1.6875000000000001e-01   7.7357147999999998e-01
   1.6506149000000001e-01   7.6249999999999996e-01
   1.7205635000000000e-01   7.6544365000000003e-01
   1.6615536000000000e-01   7.6875000000000004e-01
   1.6615536000000000e-01   7.6875000000000004e-01
   1.7271354999999999e-01   7.5624999999999998e-01
   1.7267684999999999e-01   7.6249999999999996e-01
   1.6504062000000000e-01   7.5995937999999996e-01
   1.7269346999999999e-01   7.5855653000000001e-01
   1.6521483000000001e-01   7.5000000000000000e-01
   1.7254542000000000e-01   7.5245457999999998e-01
   1.6500490000000001e-01   7.5624999999999998e-01
   1.6500490000000001e-01   7.5624999999999998e-01
   1.7215554000000000e-01   7.4375000000000002e-01
   1.7245018000000001e-01   7.5000000000000000e-01
   1.6533590000000001e-01   7.4716410000000000e-01
   1.7227670000000000e-01   7.4647330000000001e-01
   1.6582752000000001e-01   7.3750000000000004e-01
   1.7194282000000000e-01   7.4055718000000004e-01
   1.6546665999999999e-01   7.4375000000000002e-01
   1.6546665999999999e-01   7.4375000000000002e-01
   1.7134978000000001e-01   7.3124999999999996e-01
   1.7175410999999999e-01   7.3750000000000004e-01
   1.6604611999999999e-01   7.3395387999999995e-01
   1.7156664999999999e-01   7.3468334999999996e-01
   1.6663372000000001e-01   7.2499999999999998e-01
   1.7117045000000000e-01   7.2882955000000005e-01
   1.6620407000000001e-01   7.3124999999999996e-01
   1.6620407000000001e-01   7.3124999999999996e-01
   1.7052102999999999e-01   7.1875000000000000e-01
   1.7089898000000001e-01   7.2499999999999998e-01
   1.6689224999999999e-01   7.2060774999999999e-01
   1.7077305000000001e-01   7.2297694999999995e-01
   1.6720473000000000e-01   7.1250000000000002e-01
   1.7046219000000001e-01   7.1703781000000000e-01
   1.6699943000000000e-01   7.1875000000000000e-01
   1.6699943000000000e-01   7.1875000000000000e-01
   1.7014053000000001e-01   7.0625000000000004e-01
   1.7031452000000000e-01   7.1250000000000002e-01
   1.6733929000000000e-01   7.0766070999999997e-01
   1.7027376999999999e-01   7.1097622999999999e-01
   1.6729026999999999e-01   6.9999999999999996e-01
   1.7016350999999999e-01   7.0483649000000004e-01
   1.6736783000000000e-01   7.0625000000000004e-01
   1.6736783000000000e-01   7.0625000000000004e-01
   1.7010333999999999e-01   6.9374999999999998e-01
   1.7024428000000000e-01   6.9999999999999996e-01
   1.6739424000000000e-01   6.9510576000000002e-01
   1.7020718000000001e-01   6.9854282000000001e-01
   1.6808374000000001e-01   6.8750000000000000e-01
   1.6999585000000000e-01   6.9250414999999998e-01
   1.6737442999999999e-01   6.9374999999999998e-01
   1.6737442999999999e-01   6.9374999999999998e-01
   1.7780455000000001e-01   6.7500000000000004e-01
   1.7499999999999999e-01   6.7676890000000001e-01
   1.6945134000000001e-01   6.8750000000000000e-01
   1.6743801000000000e-01   6.8256198999999995e-01
   1.6971565000000000e-01   6.8653434999999996e-01
   1.6875000000000001e-01   6.7861674000000005e-01
   1.6709076000000000e-01   6.8125000000000002e-01
   1.6875000000000001e-01   6.7861674000000005e-01
   1.8548605000000001e-01   6.6874999999999996e-01
   1.8124999999999999e-01   6.7282825000000002e-01
   1.8124999999999999e-01   6.7282825000000002e-01
   1.8434887999999999e-01   6.6565112000000004e-01
   1.7018758000000000e-01   6.6874999999999996e-01
   1.7241282999999999e-01   6.7500000000000004e-01
   1.7056941000000000e-01   6.7318058999999997e-01
   1.7080835999999999e-01   6.6669164000000003e-01
   1.9375000000000001e-01   6.5128765000000000e-01
   1.8750000000000000e-01   6.5703239999999996e-01
   1.9375000000000001e-01   6.5128765000000000e-01
   1.8386827000000000e-01   6.6249999999999998e-01
   1.7290224000000001e-01   6.5625000000000000e-01
   1.7179026000000000e-01   6.6249999999999998e-01
   1.7242453999999999e-01   6.5882545999999997e-01
   1.7366595000000001e-01   6.5133405000000000e-01
   1.9449501999999999e-01   6.4375000000000004e-01
   1.9483724999999999e-01   6.5000000000000002e-01
   1.9469624999999999e-01   6.4905374999999998e-01
   1.9627025000000001e-01   6.4122975000000004e-01
   1.7417142999999999e-01   6.4375000000000004e-01
   1.7388608000000000e-01   6.5000000000000002e-01
   1.7412547000000000e-01   6.4462452999999997e-01
   1.7484031999999999e-01   6.3765967999999995e-01
   2.0166969000000001e-01   6.2500000000000000e-01
   2.0000000000000001e-01   6.2783007999999996e-01
   1.9885766999999999e-01   6.3749999999999996e-01
   1.9823122000000001e-01   6.3301878000000000e-01
   1.7577968999999999e-01   6.2500000000000000e-01
   1.7499999999999999e-01   6.3635938999999997e-01
   1.7564075000000001e-01   6.3124999999999998e-01
   1.7485667999999999e-01   6.3749999999999996e-01
   2.0153119999999999e-01   6.2346880000000005e-01
   2.0464371000000001e-01   6.1250000000000004e-01
   2.0136643000000001e-01   6.1875000000000002e-01
   2.0136643000000001e-01   6.1875000000000002e-01
   1.7620833999999999e-01   6.2379165999999997e-01
   1.7778183000000000e-01   6.1250000000000004e-01
   1.7798981000000000e-01   6.1875000000000002e-01
   1.7798981000000000e-01   6.1875000000000002e-01
   2.0403602000000001e-01   6.0846398000000002e-01
   2.0563131000000001e-01   5.9999999999999998e-01
   2.0400455000000001e-01   6.0624999999999996e-01
   2.0400455000000001e-01   6.0624999999999996e-01
   1.7878055000000001e-01   6.0871945000000005e-01
   1.8093777000000000e-01   5.9999999999999998e-01
   1.7945948000000000e-01   6.0624999999999996e-01
   1.7945948000000000e-01   6.0624999999999996e-01
   2.0324418000000000e-01   5.9675582000000005e-01
   2.0114112000000001e-01   5.8750000000000002e-01
   2.0098485999999999e-01   5.9375000000000000e-01
   2.0098485999999999e-01   5.9375000000000000e-01
   1.8340945000000000e-01   5.9375000000000000e-01
   1.8124999999999999e-01   5.9918132000000002e-01
   1.8124999999999999e-01   5.9918132000000002e-01
   1.8466500999999999e-01   5.9033499000000000e-01
   2.0092604000000000e-01   5.8657395999999995e-01
   2.0000000000000001e-01   5.8559028999999996e-01
   1.9626136999999999e-01   5.8125000000000004e-01
   1.9807995000000000e-01   5.8317005000000000e-01
   1.9807995000000000e-01   5.8317005000000000e-01
   1.9040788000000000e-01   5.7834211999999996e-01
   1.9507527000000000e-01   5.7992473000000000e-01
   1.9375000000000001e-01   5.7931798000000001e-01
   1.8750000000000000e-01   5.7701491000000005e-01
   1.8584054999999999e-01   5.8750000000000002e-01
   1.8475485000000000e-01   5.8399515000000002e-01
   1.7853437999999999e-01   5.7499999999999996e-01
   1.8124999999999999e-01   5.7993541000000004e-01
   1.8124999999999999e-01   5.7993541000000004e-01
   1.8255186000000001e-01   5.6874999999999998e-01
   1.8511319000000001e-01   5.7499999999999996e-01
   1.7956617999999999e-01   5.7043381999999998e-01
   1.8346303999999999e-01   5.7278695999999996e-01
   1.8098481000000000e-01   5.6250000000000000e-01
   1.8243835999999999e-01   5.6756163999999998e-01
   1.7995734999999999e-01   5.6874999999999998e-01
   1.7995734999999999e-01   5.6874999999999998e-01
   1.8151932000000001e-01   5.6250000000000000e-01
   1.8124999999999999e-01   5.6193289000000002e-01
   1.8143904999999999e-01   5.6231094999999998e-01
   5.0172183999999997e-01   1.3517218000000000e+00
   5.0624999999999998e-01   1.3516785000000000e+00
   5.1249999999999996e-01   1.3514980000000001e+00
   5.0624999999999998e-01   1.3516785000000000e+00
   5.1391578000000004e-01   1.3514158000000001e+00
   5.1875000000000004e-01   1.3511276999999999e+00
   5.2500000000000002e-01   1.3505976000000000e+00
   5.1875000000000004e-01   1.3511276999999999e+00
   5.2554182999999999e-01   1.3505418000000000e+00
   5.3071809000000003e-01   1.3500000000000001e+00
   5.3125000000000000e-01   1.3499443000000000e+00
   5.3119963999999997e-01   1.3499496000000000e+00
   5.3119963999999997e-01   1.3499496000000000e+00
   5.3676844999999995e-01   1.3492685000000000e+00
   5.4374999999999996e-01   1.3482765999999999e+00
   5.3749999999999998e-01   1.3491770000000001e+00
   5.4224726999999995e-01   1.3484973000000000e+00
   5.4763865000000000e-01   1.3476387000000001e+00
   5.5625000000000002e-01   1.3460823000000000e+00
   5.5000000000000004e-01   1.3472421000000001e+00
   5.5295143000000002e-01   1.3467013999999999e+00
   5.5818674999999995e-01   1.3456868000000000e+00
   5.6250000000000000e-01   1.3447811000000001e+00
   5.6842143999999994e-01   1.3434214000000000e+00
   5.6334112000000003e-01   1.3445910999999999e+00
   5.6874999999999998e-01   1.3433440000000001e+00
   5.7499999999999996e-01   1.3417787999999999e+00
   5.6874999999999998e-01   1.3433440000000001e+00
   5.7837481000000002e-01   1.3408747999999999e+00
   5.8125000000000004e-01   1.3400871999999999e+00
   5.8750000000000002e-01   1.3382570000000000e+00
   5.8125000000000004e-01   1.3400871999999999e+00
   5.8807790000000004e-01   1.3380779000000000e+00
   5.8990556000000005e-01   1.3374999999999999e+00
   5.9375000000000000e-01   1.3362817000000000e+00
   5.9282966999999998e-01   1.3365796999999999e+00
   5.9282966999999998e-01   1.3365796999999999e+00
   5.9751909000000003e-01   1.3350191000000000e+00
   6.0624999999999996e-01   1.3318989999999999e+00
   5.9999999999999998e-01   1.3341680000000000e+00
   6.0215289999999999e-01   1.3334029000000001e+00
   6.0671982999999996e-01   1.3317197999999999e+00
   6.1250000000000004e-01   1.3294550000000001e+00
   6.1121663000000004e-01   1.3299666000000001e+00
   6.1566394999999996e-01   1.3281639000000001e+00
   6.1875000000000002e-01   1.3268721999999999e+00
   6.2006033000000005e-01   1.3263103000000001e+00
   6.1875000000000002e-01   1.3268721999999999e+00
   6.2304588999999999e-01   1.3250000000000000e+00
   6.2440625999999999e-01   1.3244062999999999e+00
   6.3124999999999998e-01   1.3212197999999999e+00
   6.2500000000000000e-01   1.3241384000000000e+00
   6.2868818000000004e-01   1.3224381999999999e+00
   6.3291253000000003e-01   1.3204125000000000e+00
   6.3749999999999996e-01   1.3181271000000001e+00
   6.3708816999999995e-01   1.3183381999999999e+00
   6.4120126000000000e-01   1.3162012999999999e+00
   6.4375000000000004e-01   1.3148454999999999e+00
   6.4527456999999999e-01   1.3140246000000000e+00
   6.4375000000000004e-01   1.3148454999999999e+00
   6.4804353000000003e-01   1.3125000000000000e+00
   6.4930783000000003e-01   1.3118078000000000e+00
   6.5625000000000000e-01   1.3077627999999999e+00
   6.5000000000000002e-01   1.3114136000000001e+00
   6.5327404000000000e-01   1.3095239999999999e+00
   6.5719592999999998e-01   1.3071959000000000e+00
   6.6249999999999998e-01   1.3038957000000000e+00
   6.6106107999999997e-01   1.3048111000000000e+00
   6.6487613000000001e-01   1.3023761000000000e+00
   6.6854117000000002e-01   1.3000000000000000e+00
   6.6874999999999996e-01   1.2998632000000001e+00
   6.6866808000000000e-01   1.2999181000000000e+00
   6.6866808000000000e-01   1.2999181000000000e+00
   6.7239667000000003e-01   1.2973967000000000e+00
   6.7500000000000004e-01   1.2955863000000001e+00
   6.7970819000000005e-01   1.2922081999999999e+00
   6.7607991999999995e-01   1.2948299000000001e+00
   6.8125000000000002e-01   1.2910619999999999e+00
   6.8329101999999997e-01   1.2895410000000000e+00
   6.8125000000000002e-01   1.2910619999999999e+00
   6.8599787000000001e-01   1.2875000000000001e+00
   6.8685556999999997e-01   1.2868556000000000e+00
   6.9374999999999998e-01   1.2813816000000000e+00
   6.8750000000000000e-01   1.2863503999999999e+00
   6.9035475000000002e-01   1.2841047999999999e+00
   6.9382288999999997e-01   1.2813228999999999e+00
   6.9999999999999996e-01   1.2761241000000001e+00
   6.9722751000000005e-01   1.2784774999999999e+00
   7.0060743000000003e-01   1.2756073999999999e+00
   7.0130123000000000e-01   1.2749999999999999e+00
   7.0625000000000004e-01   1.2706230999999999e+00
   7.0394246999999999e-01   1.2726925000000000e+00
   7.0394246999999999e-01   1.2726925000000000e+00
   7.0723701999999999e-01   1.2697369999999999e+00
   7.1250000000000002e-01   1.2648041000000001e+00
   7.1047948999999999e-01   1.2667295000000001e+00
   7.1368012000000003e-01   1.2636801000000000e+00
   7.1490447000000001e-01   1.2625000000000000e+00
   7.1875000000000000e-01   1.2587339000000000e+00
   7.1686380999999999e-01   1.2606138000000000e+00
   7.1686380999999999e-01   1.2606138000000000e+00
   7.1999455000000001e-01   1.2574946000000000e+00
   7.2499999999999998e-01   1.2522812999999999e+00
   7.2307524999999995e-01   1.2543253000000001e+00
   7.2610713000000005e-01   1.2511071000000000e+00
   7.2713658999999997e-01   1.2500000000000000e+00
   7.3124999999999996e-01   1.2455183000000001e+00
   7.2911870999999995e-01   1.2478686999999999e+00
   7.2911870999999995e-01   1.2478686999999999e+00
   7.3209181999999995e-01   1.2445918000000000e+00
   7.3750000000000004e-01   1.2383339000000000e+00
   7.3500935000000001e-01   1.2412593000000001e+00
   7.3788385999999995e-01   1.2378838999999999e+00
   7.3820522000000000e-01   1.2375000000000000e+00
   7.4072853999999999e-01   1.2344785000000000e+00
   7.4354202999999996e-01   1.2310420000000000e+00
   7.4072853999999999e-01   1.2344785000000000e+00
   7.4375000000000002e-01   1.2307771999999999e+00
   7.4629608000000003e-01   1.2275461000000001e+00
   7.4375000000000002e-01   1.2307771999999999e+00
   7.4825123999999998e-01   1.2250000000000001e+00
   7.4900951999999998e-01   1.2240095000000000e+00
   7.5000000000000000e-01   1.2226884000000000e+00
   7.5433974000000004e-01   1.2168397000000000e+00
   7.5168997000000004e-01   1.2204400000000000e+00
   7.5624999999999998e-01   1.2141630000000001e+00
   7.5694391999999999e-01   1.2131939000000000e+00
   7.5624999999999998e-01   1.2141630000000001e+00
   7.5742889999999996e-01   1.2124999999999999e+00
   7.5950744999999997e-01   1.2095075000000000e+00
   7.6249999999999996e-01   1.2050723999999999e+00
   7.6203430999999999e-01   1.2057842999999999e+00
   7.6451051000000003e-01   1.2020105000000001e+00
   7.6580855000000003e-01   1.2000000000000000e+00
   7.6875000000000004e-01   1.1953646000000000e+00
   7.6695913000000004e-01   1.1982090999999999e+00
   7.6695913000000004e-01   1.1982090999999999e+00
   7.6937511999999997e-01   1.1943751000000000e+00
   7.7174321000000001e-01   1.1904931999999999e+00
   7.7174321000000001e-01   1.1904931999999999e+00
   7.7351753000000001e-01   1.1875000000000000e+00
   7.7406617000000000e-01   1.1865661999999999e+00
   7.7500000000000002e-01   1.1849403999999999e+00
   7.7859595000000004e-01   1.1785958999999999e+00
   7.7634932000000001e-01   1.1825992999999999e+00
   7.8057016999999995e-01   1.1750000000000000e+00
   7.8125000000000000e-01   1.1737314000000001e+00
   7.8080976999999996e-01   1.1745597999999999e+00
   7.8080976999999996e-01   1.1745597999999999e+00
   7.8298314000000002e-01   1.1704831000000000e+00
   7.8511653999999997e-01   1.1663665000000001e+00
   7.8511653999999997e-01   1.1663665000000001e+00
   7.8706092000000005e-01   1.1625000000000001e+00
   7.8720639000000003e-01   1.1622064000000001e+00
   7.8749999999999998e-01   1.1615996000000000e+00
   7.9125396000000003e-01   1.1537539999999999e+00
   7.8924892000000002e-01   1.1579988999999999e+00
   7.9298601000000002e-01   1.1499999999999999e+00
   7.9374999999999996e-01   1.1482958999999999e+00
   7.9322508000000003e-01   1.1494751000000001e+00
   7.9322508000000003e-01   1.1494751000000001e+00
   7.9515416000000005e-01   1.1451541999999999e+00
   7.9704301000000000e-01   1.1407929999999999e+00
   7.9704301000000000e-01   1.1407929999999999e+00
   7.9843045999999995e-01   1.1375000000000000e+00
   7.9888967000000000e-01   1.1363897000000001e+00
   8.0000000000000004e-01   1.1336443000000000e+00
   8.0244031000000005e-01   1.1274403000000000e+00
   8.0069151999999999e-01   1.1319414999999999e+00
   8.0336722000000005e-01   1.1250000000000000e+00
   8.0415329000000002e-01   1.1229032999999999e+00
   8.0583696999999999e-01   1.1183369999999999e+00
   8.0415329000000002e-01   1.1229032999999999e+00
   8.0625000000000002e-01   1.1171660999999999e+00
   8.0747011000000002e-01   1.1137201000000001e+00
   8.0625000000000002e-01   1.1171660999999999e+00
   8.0789412000000005e-01   1.1125000000000000e+00
   8.0905598999999995e-01   1.1090560000000000e+00
   8.1059360999999996e-01   1.1043436000000000e+00
   8.1059360999999996e-01   1.1043436000000000e+00
   8.1195905999999995e-01   1.1000000000000001e+00
   8.1208541999999995e-01   1.0995854000000000e+00
   8.1250000000000000e-01   1.0982023999999999e+00
   8.1492481000000005e-01   1.0899247999999999e+00
   8.1352904999999998e-01   1.0947789999999999e+00
   8.1560385000000002e-01   1.0874999999999999e+00
   8.1627527000000000e-01   1.0850253000000001e+00
   8.1758041000000004e-01   1.0800803999999999e+00
   8.1627527000000000e-01   1.0850253000000001e+00
   8.1874999999999998e-01   1.0754298000000000e+00
   8.1883658000000004e-01   1.0750865999999999e+00
   8.1874999999999998e-01   1.0754298000000000e+00
   8.1885797000000005e-01   1.0750000000000000e+00
   8.2001835999999995e-01   1.0700183999999999e+00
   8.2114925999999999e-01   1.0648993000000000e+00
   8.2114925999999999e-01   1.0648993000000000e+00
   8.2166454000000000e-01   1.0625000000000000e+00
   8.2223195999999998e-01   1.0597319999999999e+00
   8.2326038000000001e-01   1.0545104000000001e+00
   8.2326038000000001e-01   1.0545104000000001e+00
   8.2409725000000000e-01   1.0500000000000000e+00
   8.2422978999999996e-01   1.0492298000000000e+00
   8.2499999999999996e-01   1.0446696000000000e+00
   8.2593709999999998e-01   1.0384370999999999e+00
   8.2513316000000003e-01   1.0438832000000000e+00
   8.2607238000000005e-01   1.0375000000000001e+00
   8.2667484000000002e-01   1.0329248000000000e+00
   8.2733944999999998e-01   1.0273394000000000e+00
   8.2667484000000002e-01   1.0329248000000000e+00
   8.2760067999999998e-01   1.0249999999999999e+00
   8.2791040999999999e-01   1.0216604000000000e+00
   8.2838038000000003e-01   1.0158803999999999e+00
   8.2791040999999999e-01   1.0216604000000000e+00
   8.2861308000000000e-01   1.0125000000000000e+00
   8.2873171999999995e-01   1.0099817000000000e+00
   8.2895083000000003e-01   1.0039507999999999e+00
   8.2873171999999995e-01   1.0099817000000000e+00
   8.2902556000000005e-01   1.0000000000000000e+00
   5.0624999999999998e-01   9.9905354999999996e-01
   5.0000000000000000e-01   9.9906572999999999e-01
   5.0530538000000003e-01   9.9905538000000005e-01
   5.1153742999999996e-01   9.9903743000000000e-01
   5.1875000000000004e-01   9.9899397000000001e-01
   5.1249999999999996e-01   9.9903452000000004e-01
   5.1775048999999995e-01   9.9900049000000002e-01
   5.2394172999999999e-01   9.9894172999999997e-01
   5.3125000000000000e-01   9.9884963999999998e-01
   5.2500000000000002e-01   9.9893102000000000e-01
   5.3011441000000004e-01   9.9886441000000004e-01
   5.3627062000000003e-01   9.9877062000000005e-01
   5.4374999999999996e-01   9.9863798999999998e-01
   5.3749999999999998e-01   9.9875113999999998e-01
   5.4241218999999996e-01   9.9866219000000001e-01
   5.4853761999999995e-01   9.9853762000000001e-01
   5.5625000000000002e-01   9.9835810999999997e-01
   5.5000000000000004e-01   9.9850680000000003e-01
   5.5464628999999999e-01   9.9839628999999996e-01
   5.6073744000000003e-01   9.9823744000000003e-01
   5.6874999999999998e-01   9.9800570000000000e-01
   5.6250000000000000e-01   9.9818976999999998e-01
   5.6681267000000002e-01   9.9806267000000004e-01
   5.7287944000000002e-01   9.9787943999999995e-01
   5.8125000000000004e-01   9.9759796999999995e-01
   5.7499999999999996e-01   9.9781412000000003e-01
   5.7892821999999999e-01   9.9767821999999995e-01
   5.8496037000000001e-01   9.9746036999999999e-01
   5.9375000000000000e-01   9.9712076999999999e-01
   5.8750000000000002e-01   9.9736550999999996e-01
   5.9097904000000001e-01   9.9722904000000001e-01
   5.9698733999999998e-01   9.9698734000000000e-01
   6.0624999999999996e-01   9.9658073000000003e-01
   5.9999999999999998e-01   9.9686205999999999e-01
   6.0297811999999995e-01   9.9672812000000000e-01
   6.0895458999999996e-01   9.9645459000000003e-01
   6.1875000000000002e-01   9.9598105000000003e-01
   6.1250000000000004e-01   9.9629023999999999e-01
   6.1492223999999995e-01   9.9617224000000004e-01
   6.2086456999999995e-01   9.9586456999999995e-01
   6.3124999999999998e-01   9.9529403000000005e-01
   6.2500000000000000e-01   9.9564266000000001e-01
   6.2679490000000004e-01   9.9554489999999995e-01
   6.3270634000000003e-01   9.9520633999999997e-01
   6.4375000000000004e-01   9.9451540999999999e-01
   6.3749999999999996e-01   9.9492022999999996e-01
   6.3859834000000004e-01   9.9484834000000000e-01
   6.4446899000000002e-01   9.9446899000000000e-01
   6.5000000000000002e-01   9.9409731000000001e-01
   6.5614534999999996e-01   9.9364534999999998e-01
   6.5032241000000002e-01   9.9407241000000002e-01
   6.5625000000000000e-01   9.9363762000000000e-01
   6.6249999999999998e-01   9.9314966999999998e-01
   6.5625000000000000e-01   9.9363762000000000e-01
   6.6771252000000003e-01   9.9271251999999999e-01
   6.6874999999999996e-01   9.9262516000000001e-01
   6.7500000000000004e-01   9.9207338000000000e-01
   6.6874999999999996e-01   9.9262516000000001e-01
   6.7917470999999996e-01   9.9167470999999996e-01
   6.8125000000000002e-01   9.9147532000000005e-01
   6.8750000000000000e-01   9.9083600000000005e-01
   6.8125000000000002e-01   9.9147532000000005e-01
   6.9049908000000004e-01   9.9049907999999998e-01
   6.9374999999999998e-01   9.9012997999999997e-01
   6.9999999999999996e-01   9.8937118000000002e-01
   6.9374999999999998e-01   9.9012997999999997e-01
   7.0165394000000003e-01   9.8915394000000001e-01
   7.0625000000000004e-01   9.8853999999999997e-01
   7.1250000000000002e-01   9.8762667000000004e-01
   7.0625000000000004e-01   9.8853999999999997e-01
   7.1260935000000003e-01   9.8760935000000005e-01
   7.1328698000000001e-01   9.8750000000000004e-01
   8.2900488000000006e-01   9.9775488000000001e-01
   8.2886271000000000e-01   9.9136270999999998e-01
   8.2900488000000006e-01   9.9775488000000001e-01
   8.2869687999999997e-01   9.8750000000000004e-01
   7.1875000000000000e-01   9.8661851000000000e-01
   7.1799201000000001e-01   9.8674200999999995e-01
   7.1799201000000001e-01   9.8674200999999995e-01
   7.2331369999999995e-01   9.8581370000000001e-01
   7.3124999999999996e-01   9.8430030000000002e-01
   7.2499999999999998e-01   9.8551003999999998e-01
   7.2857397000000002e-01   9.8482396999999999e-01
   7.3376967000000004e-01   9.8376967000000004e-01
   7.4375000000000002e-01   9.8147448999999998e-01
   7.3750000000000004e-01   9.8296083999999995e-01
   7.3888710999999996e-01   9.8263710999999998e-01
   7.4392868999999995e-01   9.8142868999999999e-01
   7.5000000000000000e-01   9.7981589000000002e-01
   7.4887037999999995e-01   9.8012038000000001e-01
   7.5374863000000003e-01   9.7874863000000001e-01
   7.5624999999999998e-01   9.7800860999999994e-01
   7.6249999999999996e-01   9.7600851000000000e-01
   7.5624999999999998e-01   9.7800860999999994e-01
   7.6324932999999995e-01   9.7574932999999997e-01
   7.6533448000000004e-01   9.7499999999999998e-01
   8.2846673000000004e-01   9.8471673000000004e-01
   8.2783008999999996e-01   9.7783008999999999e-01
   8.2846673000000004e-01   9.8471673000000004e-01
   8.2753286000000004e-01   9.7499999999999998e-01
   7.6875000000000004e-01   9.7376735999999997e-01
   7.6785155999999999e-01   9.7410156000000003e-01
   7.6785155999999999e-01   9.7410156000000003e-01
   7.7234855999999996e-01   9.7234856000000003e-01
   7.7500000000000002e-01   9.7124370000000004e-01
   7.8101820000000000e-01   9.6851820000000000e-01
   7.7673691000000000e-01   9.7048690999999998e-01
   7.8125000000000000e-01   9.6840767999999999e-01
   7.8749999999999998e-01   9.6518837000000002e-01
   7.8125000000000000e-01   9.6840767999999999e-01
   7.8926686999999995e-01   9.6426687000000000e-01
   7.9288605999999995e-01   9.6250000000000002e-01
   8.2700836000000000e-01   9.7075836000000004e-01
   8.2576561000000004e-01   9.6326560999999999e-01
   8.2700836000000000e-01   9.7075836000000004e-01
   8.2563964000000001e-01   9.6250000000000002e-01
   7.9374999999999996e-01   9.6205059999999998e-01
   7.9346930999999998e-01   9.6221931000000005e-01
   7.9346930999999998e-01   9.6221931000000005e-01
   7.9733690000000002e-01   9.5983689999999999e-01
   8.0000000000000004e-01   9.5837430000000001e-01
   8.0414611000000003e-01   9.5414611000000005e-01
   8.0134506000000005e-01   9.5759506000000005e-01
   8.0625000000000002e-01   9.5067338000000001e-01
   8.0658101999999998e-01   9.5033102000000003e-01
   8.0625000000000002e-01   9.5067338000000001e-01
   8.2416573999999998e-01   9.5625000000000004e-01
   8.2402682999999999e-01   9.5527682999999997e-01
   8.2402682999999999e-01   9.5527682999999997e-01
   8.2499999999999996e-01   9.5979265000000002e-01
   8.0668054000000000e-01   9.4999999999999996e-01
   8.0901568000000001e-01   9.4651567999999997e-01
   8.1051781000000001e-01   9.4176780999999998e-01
   8.1051781000000001e-01   9.4176780999999998e-01
   8.2326087999999997e-01   9.4999999999999996e-01
   8.2276737000000000e-01   9.4776737000000000e-01
   8.2142581999999997e-01   9.4017582000000000e-01
   8.2142581999999997e-01   9.4017582000000000e-01
   8.1082958999999999e-01   9.3750000000000000e-01
   8.1082580999999998e-01   9.3582580999999998e-01
   8.1087745000000000e-01   9.2962745000000002e-01
   8.1087745000000000e-01   9.2962745000000002e-01
   8.2103453999999998e-01   9.3750000000000000e-01
   8.2054585000000002e-01   9.3304584999999995e-01
   8.2033624999999999e-01   9.2658624999999994e-01
   8.2033624999999999e-01   9.2658624999999994e-01
   8.1092949999999997e-01   9.2500000000000004e-01
   8.1073083000000001e-01   9.2323082999999995e-01
   8.0927125000000000e-01   9.1552124999999995e-01
   8.0927125000000000e-01   9.1552124999999995e-01
   8.2027583000000004e-01   9.2500000000000004e-01
   8.1840323999999998e-01   9.1840323999999995e-01
   8.1826564999999996e-01   9.1874999999999996e-01
   8.1874999999999998e-01   9.1842659000000004e-01
   8.2191336000000004e-01   9.1566336000000004e-01
   8.1874999999999998e-01   9.1842659000000004e-01
   8.0872197000000001e-01   9.1249999999999998e-01
   8.0953390999999997e-01   9.0953390999999995e-01
   8.1250000000000000e-01   9.0444205000000000e-01
   8.2288667999999998e-01   9.1249999999999998e-01
   8.1250000000000000e-01   9.0774953999999997e-01
   8.1423783000000005e-01   9.0625000000000000e-01
   8.1391723000000005e-01   9.0766723000000005e-01
   8.2249037999999997e-01   9.0999037999999999e-01
   8.2283539999999999e-01   9.0408540000000004e-01
   8.2283539999999999e-01   9.0408540000000004e-01
   8.0831527000000003e-01   9.0000000000000002e-01
   8.1017602000000000e-01   8.9767602000000002e-01
   8.2334487999999995e-01   9.0000000000000002e-01
   8.1250000000000000e-01   8.9548886999999999e-01
   8.1370235000000002e-01   8.8870234999999997e-01
   8.1376842000000005e-01   8.9501841999999998e-01
   8.2323805000000005e-01   8.9823805000000001e-01
   8.1367153000000003e-01   8.8749999999999996e-01
   8.2320338999999998e-01   8.9195338999999996e-01
   8.2320338999999998e-01   8.9195338999999996e-01
   8.2320886000000004e-01   8.8749999999999996e-01
   8.1351087000000000e-01   8.8226086999999997e-01
   8.1429158000000001e-01   8.7679158000000001e-01
   8.1351087000000000e-01   8.8226086999999997e-01
   8.2320484999999999e-01   8.8570484999999999e-01
   8.1447906999999997e-01   8.7500000000000000e-01
   8.2302867999999996e-01   8.7927867999999998e-01
   8.2302867999999996e-01   8.7927867999999998e-01
   8.2273615000000000e-01   8.7500000000000000e-01
   8.1429715999999996e-01   8.7054715999999999e-01
   8.1420727999999998e-01   8.6420728000000002e-01
   8.1429715999999996e-01   8.7054715999999999e-01
   8.2279378999999997e-01   8.7279379000000001e-01
   8.1419456000000001e-01   8.6250000000000004e-01
   8.2285666999999996e-01   8.6660667000000002e-01
   8.2285666999999996e-01   8.6660667000000002e-01
   8.2286130000000002e-01   8.6250000000000004e-01
   8.1410665000000004e-01   8.5785665000000000e-01
   8.1473182000000000e-01   8.5223181999999997e-01
   8.1410665000000004e-01   8.5785665000000000e-01
   8.2286283999999998e-01   8.6036283999999996e-01
   8.1494451000000001e-01   8.4999999999999998e-01
   8.2269946999999999e-01   8.5394946999999999e-01
   8.2269946999999999e-01   8.5394946999999999e-01
   8.2239492999999997e-01   8.4999999999999998e-01
   8.1500381000000000e-01   8.4625381000000000e-01
   8.1257639999999998e-01   8.3757640000000000e-01
   8.1500381000000000e-01   8.4625381000000000e-01
   8.2225935000000006e-01   8.4725934999999997e-01
   8.1255029999999995e-01   8.3750000000000002e-01
   8.2282175999999996e-01   8.4157176000000000e-01
   8.2282175999999996e-01   8.4157176000000000e-01
   8.2351439999999998e-01   8.3750000000000002e-01
   8.1306774000000004e-01   8.3181773999999997e-01
   8.1361256999999998e-01   8.2611257000000005e-01
   8.1306774000000004e-01   8.3181773999999997e-01
   8.2352316000000003e-01   8.3602315999999999e-01
   8.1377836000000003e-01   8.2499999999999996e-01
   8.2352892000000000e-01   8.2977891999999998e-01
   8.2352892000000000e-01   8.2977891999999998e-01
   8.2290854000000002e-01   8.2499999999999996e-01
   8.1309430000000005e-01   8.1934430000000003e-01
   8.1355926000000001e-01   8.1355926000000001e-01
   8.1309430000000005e-01   8.1934430000000003e-01
   8.2315464000000005e-01   8.2315464000000005e-01
   8.1352846000000001e-01   8.1250000000000000e-01
   8.2499999999999996e-01   8.1716661999999995e-01
   8.2406009000000002e-01   8.1781009000000005e-01
   8.2706559999999996e-01   8.1456560000000000e-01
   8.2808501999999995e-01   8.1250000000000000e-01
   8.1473737999999996e-01   8.0848737999999998e-01
   8.1676799000000000e-01   8.0426799000000004e-01
   8.1473737999999996e-01   8.0848737999999998e-01
   8.1874999999999998e-01   8.0157164000000003e-01
   8.1963392000000002e-01   8.0088391999999997e-01
   8.1874999999999998e-01   8.0157164000000003e-01
   8.2909688000000004e-01   8.1034687999999999e-01
   8.2989201000000001e-01   8.0489200999999999e-01
   8.2909688000000004e-01   8.1034687999999999e-01
   8.2950672000000003e-01   8.0000000000000004e-01
   8.1977922999999997e-01   8.0000000000000004e-01
   8.2071797000000002e-01   7.9571797000000000e-01
   8.2124975000000000e-01   7.8999975000000000e-01
   8.2124975000000000e-01   7.8999975000000000e-01
   8.2926672999999995e-01   7.9801672999999995e-01
   8.2865133000000002e-01   7.9115133000000004e-01
   8.2926672999999995e-01   7.9801672999999995e-01
   8.2843652000000001e-01   7.8749999999999998e-01
   8.2141706000000003e-01   7.8749999999999998e-01
   8.2165083999999999e-01   7.8415084000000002e-01
   8.2199376999999996e-01   7.7824377000000000e-01
   8.2199376999999996e-01   7.7824377000000000e-01
   8.2824357999999998e-01   7.8449358000000002e-01
   8.2787454000000005e-01   7.7787454000000000e-01
   8.2824357999999998e-01   7.8449358000000002e-01
   8.2780081999999999e-01   7.7500000000000002e-01
   8.2213786000000000e-01   7.7500000000000002e-01
   8.2247446000000002e-01   7.7247445999999997e-01
   8.2320784999999996e-01   7.6695785000000005e-01
   8.2320784999999996e-01   7.6695785000000005e-01
   8.2728937000000002e-01   7.7103937000000000e-01
   8.2629620999999998e-01   7.6379620999999998e-01
   8.2728937000000002e-01   7.7103937000000000e-01
   8.2613347000000004e-01   7.6249999999999996e-01
   8.2385359000000002e-01   7.6249999999999996e-01
   8.2406807000000004e-01   7.6156807000000004e-01
   8.2499999999999996e-01   7.5726928999999998e-01
   8.3125000000000004e-01   7.3154251000000003e-01
   8.3093439000000002e-01   7.3093439000000004e-01
   8.3098905000000001e-01   7.3124999999999996e-01
   8.3140605000000001e-01   7.3140605000000003e-01
   8.2902969000000004e-01   7.2499999999999998e-01
   8.3306044000000001e-01   7.2681043999999995e-01
   8.3306044000000001e-01   7.2681043999999995e-01
   8.3351189999999997e-01   7.2499999999999998e-01
   8.2852775999999995e-01   7.2227775999999999e-01
   8.2781625000000003e-01   7.1531624999999999e-01
   8.2852775999999995e-01   7.2227775999999999e-01
   8.3403077999999997e-01   7.2153078000000004e-01
   8.2767175000000004e-01   7.1250000000000002e-01
   8.3448465000000005e-01   7.1573465000000003e-01
   8.3448465000000005e-01   7.1573465000000003e-01
   8.3462206000000005e-01   7.1250000000000002e-01
   8.2772453999999995e-01   7.0897454000000004e-01
   8.2779424999999995e-01   7.0279424999999995e-01
   8.2772453999999995e-01   7.0897454000000004e-01
   8.3459525000000001e-01   7.0959525000000001e-01
   8.2783578999999996e-01   6.9999999999999996e-01
   8.3453144000000001e-01   7.0328144000000004e-01
   8.3453144000000001e-01   7.0328144000000004e-01
   8.3448316000000000e-01   6.9999999999999996e-01
   8.2797745000000000e-01   6.9672745000000003e-01
   8.2821646999999998e-01   6.9071647000000003e-01
   8.2797745000000000e-01   6.9672745000000003e-01
   8.3437287000000004e-01   6.9687286999999998e-01
   8.2836719999999997e-01   6.8750000000000000e-01
   8.3412525999999998e-01   6.9037526000000005e-01
   8.3412525999999998e-01   6.9037526000000005e-01
   8.3400295999999996e-01   6.8750000000000000e-01
   8.2834255000000001e-01   6.8459254999999997e-01
   8.2861843999999996e-01   6.7861844000000004e-01
   8.2834255000000001e-01   6.8459254999999997e-01
   8.3404511000000003e-01   6.8404511000000001e-01
   8.2910291999999997e-01   6.7500000000000004e-01
   8.3355566000000003e-01   6.7730566000000003e-01
   8.3355566000000003e-01   6.7730566000000003e-01
   8.3337512999999996e-01   6.7500000000000004e-01
   8.2855542999999998e-01   6.7230542999999998e-01
   8.2734019999999997e-01   6.6484019999999999e-01
   8.2855542999999998e-01   6.7230542999999998e-01
   8.3408545999999995e-01   6.7158545999999997e-01
   8.2756410999999996e-01   6.6249999999999998e-01
   8.3410234999999999e-01   6.6535235000000004e-01
   8.3410234999999999e-01   6.6535235000000004e-01
   8.1250000000000000e-01   6.5492539999999999e-01
   8.1694348000000006e-01   6.5444347999999997e-01
   8.2132223000000004e-01   6.5625000000000000e-01
   8.1874999999999998e-01   6.5396469999999995e-01
   8.1874999999999998e-01   6.5396469999999995e-01
   8.3430729000000003e-01   6.6249999999999998e-01
   8.2499999999999996e-01   6.5989655999999997e-01
   8.2999699000000005e-01   6.5499699000000000e-01
   8.2944638000000004e-01   6.5625000000000000e-01
   8.2919514000000005e-01   6.5000000000000002e-01
   8.0628387999999995e-01   6.5000000000000002e-01
   8.0813436000000005e-01   6.4563435999999996e-01
   8.0419191000000001e-01   6.3749999999999996e-01
   8.0625000000000002e-01   6.4014358000000005e-01
   8.2807783000000001e-01   6.4682782999999999e-01
   8.2534264999999996e-01   6.3784264999999996e-01
   8.2807783000000001e-01   6.4682782999999999e-01
   8.2522424000000005e-01   6.3749999999999996e-01
   7.9885507000000000e-01   6.3124999999999998e-01
   7.9859515000000003e-01   6.2984514999999996e-01
   7.9859515000000003e-01   6.2984514999999996e-01
   8.0000000000000004e-01   6.3278113000000002e-01
   8.2413634000000002e-01   6.3124999999999998e-01
   8.2399739000000005e-01   6.3024738999999996e-01
   8.2399739000000005e-01   6.3024738999999996e-01
   8.2499999999999996e-01   6.3623622999999996e-01
   7.9733160000000003e-01   6.2500000000000000e-01
   7.9534143000000002e-01   6.2034142999999997e-01
   7.9528412000000004e-01   6.1403412000000002e-01
   7.9528412000000004e-01   6.1403412000000002e-01
   8.2326703000000001e-01   6.2500000000000000e-01
   8.2290366999999998e-01   6.2290367000000002e-01
   8.2217013999999999e-01   6.1592013999999995e-01
   8.2217013999999999e-01   6.1592013999999995e-01
   7.9544417999999995e-01   6.1250000000000004e-01
   7.9366243999999997e-01   6.0616243999999997e-01
   7.9365291999999998e-01   6.0624999999999996e-01
   7.9374999999999996e-01   6.0525695999999996e-01
   7.9422055000000003e-01   6.0047055000000005e-01
   7.9374999999999996e-01   6.0525695999999996e-01
   8.2227596999999997e-01   6.1250000000000004e-01
   8.2159972000000003e-01   6.0909972000000001e-01
   8.2072235999999998e-01   6.0197235999999998e-01
   8.2072235999999998e-01   6.0197235999999998e-01
   7.9424512999999997e-01   5.9999999999999998e-01
   7.9438825999999996e-01   5.9438826000000000e-01
   7.9616522000000001e-01   5.8991521999999996e-01
   7.9616522000000001e-01   5.8991521999999996e-01
   8.2062513999999998e-01   5.9999999999999998e-01
   8.1918833999999996e-01   5.9418833999999998e-01
   8.1682743000000002e-01   5.8750000000000002e-01
   8.1874999999999998e-01   5.9277184999999999e-01
   7.9933772999999997e-01   5.8750000000000002e-01
   7.9969807000000004e-01   5.8719807000000002e-01
   8.0000000000000004e-01   5.8614063000000005e-01
   8.0562031000000001e-01   5.8062031000000003e-01
   8.0112636999999998e-01   5.8237636999999998e-01
   8.0625000000000002e-01   5.8055997000000004e-01
   8.1250000000000000e-01   5.8059665999999999e-01
   8.0625000000000002e-01   5.8055997000000004e-01
   8.1874999999999998e-01   5.8509624999999998e-01
   8.1393853000000005e-01   5.8268852999999998e-01
   8.1634671000000003e-01   5.7884670999999999e-01
   8.1393853000000005e-01   5.8268852999999998e-01
   8.2081318999999997e-01   5.8331319000000004e-01
   8.1666333000000002e-01   5.7499999999999996e-01
   8.2112209999999997e-01   5.7737210000000005e-01
   8.2112209999999997e-01   5.7737210000000005e-01
   8.2098676999999998e-01   5.7499999999999996e-01
   8.1673415999999999e-01   5.7298415999999996e-01
   8.1796946000000004e-01   5.6796946000000004e-01
   8.1673415999999999e-01   5.7298415999999996e-01
   8.1994518000000005e-01   5.6994518000000005e-01
   8.1874999999999998e-01   5.6404414000000003e-01
   8.1874999999999998e-01   5.6404414000000003e-01
