   3.1250000000000002e-03   1.9633034999999999e-01   9.9997466000000002e-01   5.0001892999999997e-01   1.1380299999999999e-03
   6.2500000000000003e-03   1.9632900000000000e-01   9.9997303000000004e-01   5.0003763999999995e-01   2.9050899999999999e-03
   9.3749999999999997e-03   1.9632869000000000e-01   9.9997117999999996e-01   5.0005891999999996e-01   4.8563499999999997e-03
   1.5625000000000000e-02   1.9632836000000001e-01   9.9996940000000001e-01   5.0011216000000003e-01   8.8074099999999999e-03
   1.8749999999999999e-02   1.9632847000000000e-01   9.9996887999999995e-01   5.0014625999999995e-01   1.0765900000000000e-02
   2.5000000000000001e-02   1.9632868000000001e-01   9.9996761999999995e-01   5.0023141000000004e-01   1.4654260000000001e-02
   3.1250000000000000e-02   1.9632884000000000e-01   9.9996604000000000e-01   5.0033907000000000e-01   1.8512350000000000e-02
   3.4375000000000003e-02   1.9632891999999999e-01   9.9996523999999998e-01   5.0040136999999996e-01   2.0429719999999998e-02
   4.0625000000000001e-02   1.9632941000000001e-01   9.9996401000000001e-01   5.0054281000000000e-01   2.4244700000000001e-02
   4.3749999999999997e-02   1.9632917000000000e-01   9.9996280000000004e-01   5.0062222000000001e-01   2.6141259999999999e-02
   5.0000000000000003e-02   1.9632925000000001e-01   9.9996090000000004e-01   5.0079803000000001e-01   2.9912600000000001e-02
   5.6250000000000001e-02   1.9632964000000000e-01   9.9995911000000004e-01   5.0099638000000002e-01   3.3657909999999999e-02
   5.9374999999999997e-02   1.9632953000000000e-01   9.9995723000000003e-01   5.0110412000000004e-01   3.5519980000000000e-02
   6.5625000000000003e-02   1.9633017999999999e-01   9.9995612000000000e-01   5.0133572000000004e-01   3.9222970000000003e-02
   6.8750000000000006e-02   1.9633022000000000e-01   9.9995548000000001e-01   5.0146025999999999e-01   4.1063830000000003e-02
   7.4999999999999997e-02   1.9632989000000001e-01   9.9995376000000002e-01   5.0172680000000003e-01   4.4727250000000003e-02
   8.1250000000000003e-02   1.9633012999999999e-01   9.9995255999999999e-01   5.0201589999999996e-01   4.8368570000000000e-02
   8.4375000000000006e-02   1.9633022000000000e-01   9.9995195000000003e-01   5.0216886999999999e-01   5.0182409999999997e-02
   9.0624999999999997e-02   1.9633067000000001e-01   9.9995206000000003e-01   5.0249100000000002e-01   5.3794910000000001e-02
   9.3750000000000000e-02   1.9633075000000000e-01   9.9995137999999995e-01   5.0266010000000005e-01   5.5592629999999997e-02
   1.0000000000000001e-01   1.9633104000000001e-01   9.9995212000000000e-01   5.0301417000000004e-01   5.9165200000000001e-02
   1.0625000000000000e-01   1.9633099000000001e-01   9.9995219999999996e-01   5.0339151000000004e-01   6.2712290000000004e-02
   1.0937500000000000e-01   1.9633123999999999e-01   9.9995274999999995e-01   5.0358817000000000e-01   6.4479120000000001e-02
   1.1562500000000001e-01   1.9633139999999999e-01   9.9995398999999996e-01   5.0399802999999999e-01   6.7992479999999994e-02
   1.1874999999999999e-01   1.9633208999999999e-01   9.9995540000000005e-01   5.0421052000000000e-01   6.9741090000000006e-02
   1.2500000000000000e-01   1.9633197999999999e-01   9.9995637999999998e-01   5.0465081000000001e-01   7.3215840000000004e-02
   1.3125000000000001e-01   1.9633244000000000e-01   9.9995778999999996e-01   5.0511251999999995e-01   7.6663560000000006e-02
   1.3437499999999999e-01   1.9633239999999999e-01   9.9995703999999996e-01   5.0535167000000003e-01   7.8378110000000001e-02
   1.4062500000000000e-01   1.9633265000000000e-01   9.9995747000000001e-01   5.0584587000000003e-01   8.1792710000000005e-02
   1.4374999999999999e-01   1.9633268000000001e-01   9.9995674999999995e-01   5.0610071999999995e-01   8.3491549999999998e-02
   1.4999999999999999e-01   1.9633332000000001e-01   9.9995787000000003e-01   5.0662563000000005e-01   8.6871400000000001e-02
   1.5625000000000000e-01   1.9633295000000001e-01   9.9995855000000000e-01   5.0717321999999998e-01   9.0223109999999995e-02
   1.5937499999999999e-01   1.9633276000000000e-01   9.9995895999999995e-01   5.0745454000000001e-01   9.1890819999999998e-02
   1.6562499999999999e-01   1.9633223000000000e-01   9.9995692000000003e-01   5.0803332000000001e-01   9.5211829999999997e-02
   1.6875000000000001e-01   1.9633232000000000e-01   9.9995599999999996e-01   5.0833017000000003e-01   9.6863489999999997e-02
   1.7499999999999999e-01   1.9633332000000001e-01   9.9995648000000004e-01   5.0893814999999998e-01   1.0015230999999999e-01
   1.8124999999999999e-01   1.9633286999999999e-01   9.9995464999999994e-01   5.0956657999999999e-01   1.0341845000000000e-01
   1.8437500000000001e-01   1.9633262000000001e-01   9.9995332000000003e-01   5.0988836999999998e-01   1.0504264000000001e-01
   1.9062499999999999e-01   1.9633300000000001e-01   9.9995482000000002e-01   5.1054467000000003e-01   1.0827075000000000e-01
   1.9375000000000001e-01   1.9633192999999999e-01   9.9995469999999997e-01   5.1088222999999999e-01   1.0986688999999999e-01
   2.0000000000000001e-01   1.9633164000000000e-01   9.9995484000000001e-01   5.1157262999999997e-01   1.1305211000000000e-01
   2.0624999999999999e-01   1.9633223999999999e-01   9.9995427999999997e-01   5.1228105000000002e-01   1.1621761000000000e-01
   2.0937500000000001e-01   1.9633339999999999e-01   9.9995577999999996e-01   5.1264124000000000e-01   1.1779236000000000e-01
   2.1562500000000001e-01   1.9633450000000000e-01   9.9995509999999999e-01   5.1337507000000004e-01   1.2092472000000000e-01
   2.1875000000000000e-01   1.9633382999999999e-01   9.9995277000000005e-01   5.1374956000000005e-01   1.2247718000000000e-01
   2.2500000000000001e-01   1.9633508000000000e-01   9.9995166000000002e-01   5.1451190000000002e-01   1.2556998999999999e-01
   2.3125000000000001e-01   1.9633535999999999e-01   9.9994941999999998e-01   5.1529172000000001e-01   1.2864167000000001e-01
   2.3437500000000000e-01   1.9633382999999999e-01   9.9994565000000002e-01   5.1569065000000003e-01   1.3016171000000001e-01
   2.4062500000000001e-01   1.9633565000000000e-01   9.9994464000000005e-01   5.1650004000000005e-01   1.3319395000000001e-01
   2.4374999999999999e-01   1.9633550000000000e-01   9.9994313000000001e-01   5.1691153999999995e-01   1.3469708999999999e-01
   2.5000000000000000e-01   1.9633522000000000e-01   9.9993920999999997e-01   5.1775024999999997e-01   1.3767921999999999e-01
   2.5624999999999998e-01   1.9633539999999999e-01   9.9993812999999998e-01   5.1860848000000004e-01   1.4062411999999999e-01
   2.5937500000000002e-01   1.9633534000000000e-01   9.9993783000000003e-01   5.1904433000000005e-01   1.4208514999999999e-01
   2.6562500000000000e-01   1.9633448000000001e-01   9.9993202999999997e-01   5.1993124999999996e-01   1.4499239999999999e-01
   2.6874999999999999e-01   1.9633492000000000e-01   9.9992908000000003e-01   5.2038074000000001e-01   1.4644193999999999e-01
   2.7500000000000002e-01   1.9633535999999999e-01   9.9992165000000000e-01   5.2129159999999997e-01   1.4932147000000001e-01
   2.8125000000000000e-01   1.9633685000000001e-01   9.9991832000000003e-01   5.2221594999999998e-01   1.5216900999999999e-01
   2.8437499999999999e-01   1.9633481000000000e-01   9.9991273999999997e-01   5.2268700999999995e-01   1.5357093999999999e-01
   2.9062500000000002e-01   1.9633460999999999e-01   9.9990416999999998e-01   5.2364222999999999e-01   1.5636774000000001e-01
   2.9375000000000001e-01   1.9633489000000001e-01   9.9990252000000002e-01   5.2412566000000005e-01   1.5775297999999999e-01
   2.9999999999999999e-01   1.9633556999999999e-01   9.9989488000000004e-01   5.2510345999999997e-01   1.6050070000000000e-01
   3.0625000000000002e-01   1.9633713000000000e-01   9.9988825000000003e-01   5.2609528000000005e-01   1.6322457000000001e-01
   3.0937500000000001e-01   1.9633617000000000e-01   9.9988032999999998e-01   5.2659827999999997e-01   1.6457374999999999e-01
   3.1562499999999999e-01   1.9633547000000001e-01   9.9986706000000003e-01   5.2761723999999999e-01   1.6724370000000000e-01
   3.1874999999999998e-01   1.9633644000000000e-01   9.9986288999999995e-01   5.2813244999999998e-01   1.6856560000000001e-01
   3.2500000000000001e-01   1.9633291000000000e-01   9.9984377000000002e-01   5.2918173999999996e-01   1.7116725999999999e-01
   3.3124999999999999e-01   1.9633361999999999e-01   9.9982908000000004e-01   5.3024707000000004e-01   1.7373300999999999e-01
   3.3437499999999998e-01   1.9633586000000000e-01   9.9982543000000001e-01   5.3078453999999997e-01   1.7500927999999999e-01
   3.4062500000000001e-01   1.9633702000000000e-01   9.9980787999999998e-01   5.3186970000000000e-01   1.7754687000000000e-01
   3.4375000000000000e-01   1.9633707000000000e-01   9.9979784999999999e-01   5.3241755999999996e-01   1.7880240999999999e-01
   3.4999999999999998e-01   1.9633718000000000e-01   9.9977572000000003e-01   5.3352381999999998e-01   1.8128412999999999e-01
   3.5625000000000001e-01   1.9633755000000000e-01   9.9975243999999996e-01   5.3464376999999996e-01   1.8373833000000001e-01
   3.5937500000000000e-01   1.9633833000000001e-01   9.9973891000000004e-01   5.3520873999999996e-01   1.8495133000000000e-01
   3.6562499999999998e-01   1.9633880000000001e-01   9.9971120000000002e-01   5.3634959000000004e-01   1.8734914999999999e-01
   3.6875000000000002e-01   1.9634013000000000e-01   9.9969845000000002e-01   5.3692357999999996e-01   1.8853771999999999e-01
   3.7500000000000000e-01   1.9633642000000001e-01   9.9965795000000002e-01   5.3808792999999999e-01   1.9086602999999999e-01
   3.8124999999999998e-01   1.9633566000000000e-01   9.9962344000000003e-01   5.3926936000000003e-01   1.9313395000000000e-01
   3.8437500000000002e-01   1.9633382999999999e-01   9.9960265999999998e-01   5.3986774000000004e-01   1.9424420000000001e-01
   3.9062500000000000e-01   1.9633407000000000e-01   9.9955665999999999e-01   5.4107335000000001e-01   1.9645979000000000e-01
   3.9374999999999999e-01   1.9633616000000001e-01   9.9953734000000005e-01   5.4167960999999998e-01   1.9755750000000000e-01
   4.0000000000000002e-01   1.9633766000000000e-01   9.9948930000000002e-01   5.4290137999999999e-01   1.9973789000000000e-01
   4.0625000000000000e-01   1.9634003000000000e-01   9.9943810000000000e-01   5.4413303000000002e-01   2.0187658999999999e-01
   4.0937499999999999e-01   1.9633919999999999e-01   9.9940912000000004e-01   5.4475364999999998e-01   2.0292531000000000e-01
   4.1562500000000002e-01   1.9633916000000001e-01   9.9934816000000004e-01   5.4600420999999999e-01   2.0499013999999999e-01
   4.1875000000000001e-01   1.9633932000000001e-01   9.9931692000000005e-01   5.4663448000000003e-01   2.0600735000000001e-01
   4.2499999999999999e-01   1.9633840000000000e-01   9.9923808999999997e-01   5.4790488999999998e-01   2.0801304000000001e-01
   4.3125000000000002e-01   1.9633642000000001e-01   9.9915821999999999e-01   5.4919262999999996e-01   2.0993621000000001e-01
   4.3437500000000001e-01   1.9633798000000000e-01   9.9911486999999999e-01   5.4983994999999997e-01   2.1089838999999999e-01
   4.4062499999999999e-01   1.9633924000000000e-01   9.9902486999999995e-01   5.5113966999999997e-01   2.1278954000000000e-01
   4.4374999999999998e-01   1.9633845999999999e-01   9.9898158000000004e-01   5.5179427999999997e-01   2.1371852999999999e-01
   4.5000000000000001e-01   1.9633817000000001e-01   9.9888021000000005e-01   5.5311131000000002e-01   2.1554374000000001e-01
   4.5624999999999999e-01   1.9634076000000000e-01   9.9877543000000002e-01   5.5443514999999999e-01   2.1733959000000000e-01
   4.5937499999999998e-01   1.9633827000000001e-01   9.9871494999999999e-01   5.5510325000000005e-01   2.1820935999999999e-01
   4.6562500000000001e-01   1.9633684000000001e-01   9.9860283000000005e-01   5.5644919999999998e-01   2.1991921000000000e-01
   4.6875000000000000e-01   1.9633798000000000e-01   9.9854598999999999e-01   5.5712676999999999e-01   2.2073712000000001e-01
   4.7499999999999998e-01   1.9633513999999999e-01   9.9840244000000000e-01   5.5849568000000005e-01   2.2233621000000001e-01
   4.8125000000000001e-01   1.9633792000000000e-01   9.9825478999999995e-01   5.5987058000000001e-01   2.2393083999999999e-01
   4.8437500000000000e-01   1.9633817000000001e-01   9.9817542999999997e-01   5.6056054000000000e-01   2.2470808000000000e-01
   4.9062499999999998e-01   1.9633871000000000e-01   9.9800551000000004e-01   5.6194465999999998e-01   2.2623783000000000e-01
   4.9375000000000002e-01   1.9634123000000001e-01   9.9792017000000000e-01   5.6263852000000003e-01   2.2699037000000000e-01
   5.0000000000000000e-01   1.9634071000000000e-01   9.9773701000000004e-01   5.6403382999999996e-01   2.2845610000000000e-01
   5.0624999999999998e-01   1.9633582999999999e-01   9.9752289000000005e-01   5.6544492999999996e-01   2.2981942000000000e-01
   5.0937500000000002e-01   1.9633692999999999e-01   9.9741696000000002e-01   5.6615358999999998e-01   2.3048430000000000e-01
   5.1562500000000000e-01   1.9633819000000000e-01   9.9718614999999999e-01   5.6757358999999996e-01   2.3180595000000001e-01
   5.1875000000000004e-01   1.9633940000000000e-01   9.9707378000000002e-01   5.6828522000000004e-01   2.3245325999999999e-01
   5.2500000000000002e-01   1.9634056999999999e-01   9.9682820000000005e-01   5.6971486000000005e-01   2.3371815000000001e-01
   5.3125000000000000e-01   1.9634050000000000e-01   9.9655987999999995e-01   5.7114865000000004e-01   2.3495114000000000e-01
   5.3437500000000004e-01   1.9634092000000000e-01   9.9642467000000001e-01   5.7186899999999996e-01   2.3554465999999999e-01
   5.4062500000000002e-01   1.9633566999999999e-01   9.9612712999999997e-01   5.7332603999999998e-01   2.3663597000000000e-01
   5.4374999999999996e-01   1.9633613000000000e-01   9.9597438000000005e-01   5.7405744000000003e-01   2.3716883999999999e-01
   5.5000000000000004e-01   1.9633639000000000e-01   9.9564582999999995e-01   5.7552406000000000e-01   2.3822771000000001e-01
   5.5625000000000002e-01   1.9633914999999999e-01   9.9531051000000004e-01   5.7699248000000003e-01   2.3925423000000001e-01
   5.5937499999999996e-01   1.9633918000000000e-01   9.9513129000000000e-01   5.7772849999999998e-01   2.3975769999999999e-01
   5.6562500000000004e-01   1.9633874000000001e-01   9.9476520999999996e-01   5.7920338999999998e-01   2.4073465999999999e-01
   5.6874999999999998e-01   1.9633751999999999e-01   9.9456628999999996e-01   5.7994471000000003e-01   2.4119955000000001e-01
   5.7499999999999996e-01   1.9633436000000001e-01   9.9414714000000004e-01   5.8143758999999995e-01   2.4201373000000001e-01
   5.8125000000000004e-01   1.9633587000000000e-01   9.9369722999999999e-01   5.8293295999999994e-01   2.4284961999999999e-01
   5.8437499999999998e-01   1.9633692999999999e-01   9.9346285999999995e-01   5.8368142000000001e-01   2.4325195999999999e-01
   5.9062499999999996e-01   1.9633974000000001e-01   9.9299282000000000e-01   5.8517629000000004e-01   2.4404406000000001e-01
   5.9375000000000000e-01   1.9634082000000000e-01   9.9274894999999996e-01   5.8592493999999995e-01   2.4443796000000001e-01
   5.9999999999999998e-01   1.9633756999999999e-01   9.9223726000000001e-01   5.8742846999999998e-01   2.4516549000000001e-01
   6.0624999999999996e-01   1.9633613999999999e-01   9.9168498999999999e-01   5.8894533000000004e-01   2.4575330000000001e-01
   6.0937500000000000e-01   1.9633564000000001e-01   9.9139155999999995e-01   5.8970529000000005e-01   2.4605953000000000e-01
   6.1562499999999998e-01   1.9633782999999999e-01   9.9079565999999997e-01   5.9122527999999996e-01   2.4666605000000000e-01
   6.1875000000000002e-01   1.9633940000000000e-01   9.9048480999999999e-01   5.9198454000000000e-01   2.4696178999999999e-01
   6.2500000000000000e-01   1.9634254000000001e-01   9.8986302999999998e-01   5.9349691000000004e-01   2.4755661000000001e-01
   6.3124999999999998e-01   1.9633555000000000e-01   9.8920160999999995e-01   5.9501981999999998e-01   2.4807525000000000e-01
   6.3437500000000002e-01   1.9633290000000000e-01   9.8885339000000005e-01   5.9578827000000001e-01   2.4825233999999999e-01
   6.4062500000000000e-01   1.9633391000000000e-01   9.8812933000000003e-01   5.9732430000000003e-01   2.4865206000000001e-01
   6.4375000000000004e-01   1.9633534000000000e-01   9.8775449000000004e-01   5.9809257000000005e-01   2.4885959999999999e-01
   6.5000000000000002e-01   1.9633750999999999e-01   9.8699024999999996e-01   5.9962945999999995e-01   2.4926206000000001e-01
   6.5625000000000000e-01   1.9634230999999999e-01   9.8621669999999995e-01   6.0115865999999996e-01   2.4966743000000000e-01
   6.5937500000000004e-01   1.9633885000000001e-01   9.8581123999999998e-01   6.0192650999999997e-01   2.4982800999999999e-01
   6.6562500000000002e-01   1.9633555000000000e-01   9.8496693000000002e-01   6.0346869000000003e-01   2.5011965000000003e-01
   6.6874999999999996e-01   1.9633265000000000e-01   9.8452717999999995e-01   6.0424500000000003e-01   2.5023666000000000e-01
   6.7500000000000004e-01   1.9633413999999999e-01   9.8363760000000000e-01   6.0579782000000004e-01   2.5043670000000001e-01
   6.8125000000000002e-01   1.9633663000000001e-01   9.8271856999999996e-01   6.0734597000000001e-01   2.5067931999999998e-01
   6.8437499999999996e-01   1.9633803000000000e-01   9.8224847000000004e-01   6.0811813999999997e-01   2.5079688999999999e-01
   6.9062500000000004e-01   1.9633606000000001e-01   9.8126667999999995e-01   6.0966695999999998e-01   2.5097856000000002e-01
   6.9374999999999998e-01   1.9633781000000000e-01   9.8076726000000003e-01   6.1043939000000003e-01   2.5106163999999997e-01
   6.9999999999999996e-01   1.9633845999999999e-01   9.7973392999999998e-01   6.1198461999999998e-01   2.5120660000000000e-01
   7.0625000000000004e-01   1.9633729999999999e-01   9.7867214999999996e-01   6.1353287000000001e-01   2.5132451000000000e-01
   7.0937499999999998e-01   1.9633473000000001e-01   9.7813247999999997e-01   6.1430984000000000e-01   2.5136663999999997e-01
   7.1562499999999996e-01   1.9633487999999999e-01   9.7703706000000001e-01   6.1586547000000003e-01   2.5138051000000000e-01
   7.1875000000000000e-01   1.9633479000000001e-01   9.7646474000000005e-01   6.1664299000000000e-01   2.5139641000000001e-01
   7.2499999999999998e-01   1.9633617000000000e-01   9.7529582999999997e-01   6.1819672999999997e-01   2.5142182000000002e-01
   7.3124999999999996e-01   1.9633624000000000e-01   9.7409604000000005e-01   6.1974766999999997e-01   2.5142390999999997e-01
   7.3437500000000000e-01   1.9633898000000000e-01   9.7349171000000001e-01   6.2052140000000000e-01   2.5142150000000002e-01
   7.4062499999999998e-01   1.9633802000000000e-01   9.7224306000000005e-01   6.2206952000000004e-01   2.5140278999999999e-01
   7.4375000000000002e-01   1.9633788999999999e-01   9.7160431000000003e-01   6.2284337999999995e-01   2.5138637000000003e-01
   7.5000000000000000e-01   1.9633828000000000e-01   9.7030722999999997e-01   6.2438965999999996e-01   2.5132380999999998e-01
   7.5624999999999998e-01   1.9633482999999999e-01   9.6897418999999996e-01   6.2594021000000000e-01   2.5123335000000002e-01
   7.5937500000000002e-01   1.9633457000000001e-01   9.6831592000000000e-01   6.2671628999999995e-01   2.5115251999999999e-01
   7.6562500000000000e-01   1.9633587000000000e-01   9.6695149000000002e-01   6.2826733999999995e-01   2.5102215999999999e-01
   7.6875000000000004e-01   1.9633487999999999e-01   9.6625322999999996e-01   6.2904316000000005e-01   2.5095107000000000e-01
   7.7500000000000002e-01   1.9633569000000001e-01   9.6483607000000005e-01   6.3059321000000002e-01   2.5080760000000002e-01
   7.8125000000000000e-01   1.9633558000000001e-01   9.6338720000000000e-01   6.3214230999999999e-01   2.5064969999999998e-01
   7.8437500000000004e-01   1.9633592999999999e-01   9.6265425999999998e-01   6.3291622999999997e-01   2.5056642000000001e-01
   7.9062500000000002e-01   1.9633814999999999e-01   9.6117231999999997e-01   6.3445963999999999e-01   2.5039484000000001e-01
   7.9374999999999996e-01   1.9633605000000001e-01   9.6042201999999999e-01   6.3523260000000004e-01   2.5029758000000002e-01
   8.0000000000000004e-01   1.9633676999999999e-01   9.5890059999999999e-01   6.3677552000000004e-01   2.5009513999999999e-01
   8.0625000000000002e-01   1.9633542000000001e-01   9.5734512999999999e-01   6.3831901999999996e-01   2.4987577999999999e-01
   8.0937499999999996e-01   1.9633266999999999e-01   9.5656176000000004e-01   6.3909311000000002e-01   2.4974283000000000e-01
   8.1562500000000004e-01   1.9633312000000000e-01   9.5500267000000005e-01   6.4063939000000003e-01   2.4945331000000001e-01
   8.1874999999999998e-01   1.9633323999999999e-01   9.5420340999999997e-01   6.4141119000000002e-01   2.4931824999999999e-01
   8.2499999999999996e-01   1.9633548000000001e-01   9.5259172000000003e-01   6.4295106000000002e-01   2.4904456999999999e-01
   8.3125000000000004e-01   1.9633369000000001e-01   9.5094571999999999e-01   6.4449265000000000e-01   2.4875627000000000e-01
   8.3437499999999998e-01   1.9633323999999999e-01   9.5011449999999997e-01   6.4526327999999999e-01   2.4861535000000001e-01
   8.4062499999999996e-01   1.9633587999999999e-01   9.4844638000000003e-01   6.4679920999999996e-01   2.4833335000000001e-01
   8.4375000000000000e-01   1.9633582999999999e-01   9.4759473999999999e-01   6.4756552999999994e-01   2.4818953999999999e-01
   8.4999999999999998e-01   1.9633613000000000e-01   9.4586937999999998e-01   6.4909662999999995e-01   2.4789749000000000e-01
   8.5624999999999996e-01   1.9633597999999999e-01   9.4412238999999998e-01   6.5062388000000004e-01   2.4760317000000001e-01
   8.5937500000000000e-01   1.9633587999999999e-01   9.4324543000000005e-01   6.5138799999999997e-01   2.4745109000000001e-01
   8.6562499999999998e-01   1.9633481999999999e-01   9.4148162999999996e-01   6.5291527999999999e-01   2.4713757000000000e-01
   8.6875000000000002e-01   1.9633283000000001e-01   9.4060860000000002e-01   6.5368035000000002e-01   2.4694666000000001e-01
   8.7500000000000000e-01   1.9633295000000001e-01   9.3884453000000001e-01   6.5520818000000003e-01   2.4658058999999999e-01
   8.8124999999999998e-01   1.9633399000000001e-01   9.3705930999999998e-01   6.5673132000000001e-01   2.4621730000000000e-01
   8.8437500000000002e-01   1.9633352000000001e-01   9.3615605999999996e-01   6.5749367999999997e-01   2.4603991000000000e-01
   8.9062500000000000e-01   1.9633445999999999e-01   9.3434664000000001e-01   6.5901463999999998e-01   2.4568682000000000e-01
   8.9375000000000004e-01   1.9633469000000001e-01   9.3343266999999996e-01   6.5977385000000000e-01   2.4550873000000001e-01
   9.0000000000000002e-01   1.9633713000000000e-01   9.3159934000000000e-01   6.6128748999999998e-01   2.4514896000000000e-01
   9.0625000000000000e-01   1.9633655000000000e-01   9.2971756999999999e-01   6.6279858000000003e-01   2.4478689000000001e-01
   9.0937500000000004e-01   1.9633695000000001e-01   9.2877569999999998e-01   6.6355319999999995e-01   2.4460504000000000e-01
   9.1562500000000002e-01   1.9633892999999999e-01   9.2688481000000000e-01   6.6505818000000005e-01   2.4424920000000000e-01
   9.1874999999999996e-01   1.9633580000000000e-01   9.2592894999999997e-01   6.6581159999999995e-01   2.4406109000000001e-01
   9.2500000000000004e-01   1.9633766999999999e-01   9.2403475999999996e-01   6.6731333999999998e-01   2.4369553999999999e-01
   9.3125000000000002e-01   1.9633170999999999e-01   9.2211796999999995e-01   6.6881944000000004e-01   2.4329679000000001e-01
   9.3437499999999996e-01   1.9633117999999999e-01   9.2118462999999995e-01   6.6957409000000001e-01   2.4307322000000001e-01
   9.4062500000000004e-01   1.9633215000000001e-01   9.1930208000000002e-01   6.7107992000000005e-01   2.4266233000000001e-01
   9.4374999999999998e-01   1.9633276000000000e-01   9.1835246000000004e-01   6.7183090999999995e-01   2.4246403999999999e-01
   9.4999999999999996e-01   1.9633294000000001e-01   9.1643911000000000e-01   6.7333040000000000e-01   2.4206864000000000e-01
   9.5625000000000004e-01   1.9633468000000001e-01   9.1452345999999995e-01   6.7482598000000005e-01   2.4167938000000000e-01
   9.5937499999999998e-01   1.9633371999999999e-01   9.1355218999999999e-01   6.7557367000000002e-01   2.4148711000000000e-01
   9.6562499999999996e-01   1.9633484000000001e-01   9.1161265999999996e-01   6.7706584000000003e-01   2.4111025999999999e-01
   9.6875000000000000e-01   1.9633476000000000e-01   9.1063863000000000e-01   6.7781069000000005e-01   2.4091740000000000e-01
   9.7499999999999998e-01   1.9633453000000001e-01   9.0869191000000005e-01   6.7929658999999998e-01   2.4052692000000001e-01
   9.8124999999999996e-01   1.9633286000000000e-01   9.0675121000000003e-01   6.8078097999999998e-01   2.4012797000000000e-01
   9.8437500000000000e-01   1.9633307000000000e-01   9.0577982000000001e-01   6.8152298000000000e-01   2.3993128000000000e-01
   9.9062499999999998e-01   1.9633457000000001e-01   9.0382958000000002e-01   6.8300243000000005e-01   2.3953420000000000e-01
   9.9375000000000002e-01   1.9633291999999999e-01   9.0284412000000003e-01   6.8374283999999996e-01   2.3933579999999999e-01
   1.0000000000000000e+00   1.9633289000000001e-01   9.0089067000000000e-01   6.8522114999999995e-01   2.3894244000000001e-01
   1.0062500000000001e+00   1.9632991000000000e-01   8.9896984000000002e-01   6.8670350000000002e-01   2.3849839000000000e-01
   1.0093749999999999e+00   1.9633037000000000e-01   8.9801160000000002e-01   6.8744368000000000e-01   2.3828429000000001e-01
   1.0156250000000000e+00   1.9633147000000001e-01   8.9608326999999999e-01   6.8892067000000001e-01   2.3787799000000001e-01
   1.0187500000000000e+00   1.9633210000000001e-01   8.9512199000000003e-01   6.8965774999999996e-01   2.3767497000000001e-01
   1.0249999999999999e+00   1.9633163000000001e-01   8.9318134999999999e-01   6.9113126000000003e-01   2.3728479999999999e-01
   1.0312500000000000e+00   1.9633164000000000e-01   8.9124186000000005e-01   6.9260087000000004e-01   2.3690760999999999e-01
   1.0343750000000000e+00   1.9633239000000000e-01   8.9027277999999999e-01   6.9333422000000000e-01   2.3672022000000001e-01
   1.0406249999999999e+00   1.9633297000000000e-01   8.8832597999999996e-01   6.9479703999999998e-01   2.3635121000000001e-01
   1.0437500000000000e+00   1.9633347000000001e-01   8.8734961999999995e-01   6.9552661999999998e-01   2.3616501000000001e-01
   1.0500000000000000e+00   1.9633680000000001e-01   8.8539593999999999e-01   6.9697989999999999e-01   2.3580091000000000e-01
   1.0562499999999999e+00   1.9633297999999999e-01   8.8343678999999997e-01   6.9843639999999996e-01   2.3542806999999999e-01
   1.0593750000000000e+00   1.9633380000000000e-01   8.8246504999999997e-01   6.9916296000000000e-01   2.3525140999999999e-01
   1.0656250000000000e+00   1.9633422000000000e-01   8.8052258999999999e-01   7.0061468999999998e-01   2.3489148000000001e-01
   1.0687500000000001e+00   1.9633556999999999e-01   8.7955784000000004e-01   7.0133846000000000e-01   2.3471939999999999e-01
   1.0750000000000000e+00   1.9633433000000000e-01   8.7760389000000005e-01   7.0278748999999996e-01   2.3437488000000001e-01
   1.0812500000000000e+00   1.9633110000000001e-01   8.7568687000000001e-01   7.0423707999999996e-01   2.3398107000000001e-01
   1.0843750000000001e+00   1.9633106000000000e-01   8.7474315999999996e-01   7.0496294999999998e-01   2.3377524999999999e-01
   1.0906250000000000e+00   1.9633160999999999e-01   8.7284899999999999e-01   7.0641043000000003e-01   2.3338803999999999e-01
   1.0937500000000000e+00   1.9633176999999999e-01   8.7190142999999998e-01   7.0713302000000000e-01   2.3319553000000001e-01
   1.1000000000000001e+00   1.9633290000000000e-01   8.7000560999999998e-01   7.0857371999999996e-01   2.3282905000000001e-01
   1.1062500000000000e+00   1.9633227000000000e-01   8.6810251000000005e-01   7.1001155999999999e-01   2.3247192999999999e-01
   1.1093750000000000e+00   1.9633297999999999e-01   8.6715198999999998e-01   7.1072915999999997e-01   2.3229975999999999e-01
   1.1156250000000001e+00   1.9633666999999999e-01   8.6525078000000000e-01   7.1215868999999998e-01   2.3196369999999999e-01
   1.1187499999999999e+00   1.9633312000000000e-01   8.6429317000000005e-01   7.1287582999999999e-01   2.3178035999999999e-01
   1.1250000000000000e+00   1.9633302000000000e-01   8.6241003999999999e-01   7.1430886999999998e-01   2.3143886999999999e-01
   1.1312500000000001e+00   1.9633455999999999e-01   8.6052023000000000e-01   7.1573597000000000e-01   2.3111487000000000e-01
   1.1343749999999999e+00   1.9633497999999999e-01   8.5957212000000005e-01   7.1644843000000002e-01   2.3095331999999999e-01
   1.1406250000000000e+00   1.9633733000000000e-01   8.5767616000000002e-01   7.1786965999999997e-01   2.3064858999999999e-01
   1.1437500000000000e+00   1.9633476000000000e-01   8.5671916999999997e-01   7.1858120000000003e-01   2.3049952000000001e-01
   1.1499999999999999e+00   1.9633486000000000e-01   8.5482122000000005e-01   7.2000027000000000e-01   2.3020861000000001e-01
   1.1562500000000000e+00   1.9633566999999999e-01   8.5292964000000004e-01   7.2141507000000005e-01   2.2992739000000001e-01
   1.1593750000000000e+00   1.9633349000000000e-01   8.5198573000000000e-01   7.2212339000000003e-01   2.2977491999999999e-01
   1.1656249999999999e+00   1.9633101000000000e-01   8.5014561000000000e-01   7.2354308000000001e-01   2.2944566000000000e-01
   1.1687500000000000e+00   1.9633157000000001e-01   8.4924058000000002e-01   7.2425284000000001e-01   2.2927759000000000e-01
   1.1750000000000000e+00   1.9633226000000001e-01   8.4741975999999997e-01   7.2567075000000003e-01   2.2896754999999999e-01
   1.1812499999999999e+00   1.9633280000000000e-01   8.4559846000000005e-01   7.2708578000000001e-01   2.2867593000000000e-01
   1.1843750000000000e+00   1.9633334000000000e-01   8.4468745000000001e-01   7.2779174999999996e-01   2.2853789999999999e-01
   1.1906250000000000e+00   1.9633158000000001e-01   8.4287162999999998e-01   7.2920492999999997e-01   2.2825122000000000e-01
   1.1937500000000001e+00   1.9633187999999999e-01   8.4197173000000003e-01   7.2991161000000004e-01   2.2811840000000000e-01
   1.2000000000000000e+00   1.9633208999999999e-01   8.4018090000000001e-01   7.3132288999999995e-01   2.2787822999999999e-01
   1.2062500000000000e+00   1.9633187999999999e-01   8.3839775999999999e-01   7.3273104000000000e-01   2.2764002000000000e-01
   1.2093750000000001e+00   1.9633228999999999e-01   8.3750857000000001e-01   7.3343373999999995e-01   2.2752091999999999e-01
   1.2156250000000000e+00   1.9633248000000000e-01   8.3572707999999996e-01   7.3483598999999999e-01   2.2728372999999999e-01
   1.2187500000000000e+00   1.9633318999999999e-01   8.3483786999999998e-01   7.3553619999999997e-01   2.2716327000000000e-01
   1.2250000000000001e+00   1.9633354000000000e-01   8.3306775000000000e-01   7.3693726999999998e-01   2.2692118000000000e-01
   1.2312500000000000e+00   1.9633380000000000e-01   8.3128331000000000e-01   7.3833698999999997e-01   2.2670170000000001e-01
   1.2343750000000000e+00   1.9633386999999999e-01   8.3039759999999996e-01   7.3903585000000005e-01   2.2658937000000001e-01
   1.2406250000000001e+00   1.9633354000000000e-01   8.2863810999999998e-01   7.4043327999999997e-01   2.2637771000000001e-01
   1.2437499999999999e+00   1.9633402000000000e-01   8.2776112999999996e-01   7.4113090999999998e-01   2.2627741000000001e-01
   1.2500000000000000e+00   1.9633305000000001e-01   8.2601875000000002e-01   7.4252589000000002e-01   2.2607193000000000e-01
   1.2562500000000001e+00   1.9633063000000001e-01   8.2432218999999995e-01   7.4392659000000005e-01   2.2584699000000000e-01
   1.2593749999999999e+00   1.9632901000000000e-01   8.2348399999999999e-01   7.4462813999999999e-01   2.2571269999999999e-01
   1.2656250000000000e+00   1.9632880000000000e-01   8.2182246999999997e-01   7.4602690999999999e-01   2.2547515000000001e-01
   1.2687500000000000e+00   1.9632875999999999e-01   8.2099233999999999e-01   7.4672596999999996e-01   2.2536480000000000e-01
   1.2749999999999999e+00   1.9633025000000001e-01   8.1933290999999997e-01   7.4812133999999997e-01   2.2515620000000000e-01
   1.2812500000000000e+00   1.9633079000000001e-01   8.1766693999999995e-01   7.4951495000000001e-01   2.2497555999999999e-01
   1.2843750000000000e+00   1.9633138000000000e-01   8.1683501999999997e-01   7.5021086999999997e-01   2.2489294000000001e-01
   1.2906249999999999e+00   1.9633201000000000e-01   8.1516533999999996e-01   7.5159986000000001e-01   2.2474023000000001e-01
   1.2937500000000000e+00   1.9633220000000001e-01   8.1433246000000004e-01   7.5229394999999999e-01   2.2466744999999999e-01
   1.3000000000000000e+00   1.9633205000000001e-01   8.1268404999999999e-01   7.5368296999999995e-01   2.2451119000000000e-01
   1.3062499999999999e+00   1.9633179000000001e-01   8.1104655999999997e-01   7.5507257999999999e-01   2.2437182999999999e-01
   1.3093750000000000e+00   1.9633244999999999e-01   8.1022813000000005e-01   7.5576578999999999e-01   2.2431060000000000e-01
   1.3156250000000000e+00   1.9633257000000001e-01   8.0859216000000000e-01   7.5714935000000005e-01   2.2419264999999999e-01
   1.3187500000000001e+00   1.9633265999999999e-01   8.0777520999999997e-01   7.5784026000000004e-01   2.2413752000000001e-01
   1.3250000000000000e+00   1.9633405000000001e-01   8.0614492000000004e-01   7.5921892000000002e-01   2.2404246999999999e-01
   1.3312500000000000e+00   1.9633477999999999e-01   8.0451061999999995e-01   7.6059286000000004e-01   2.2394454999999999e-01
   1.3343750000000001e+00   1.9633276000000000e-01   8.0369687999999995e-01   7.6128330000000000e-01   2.2388247999999999e-01
   1.3406250000000000e+00   1.9633324999999999e-01   8.0209385000000000e-01   7.6266341999999998e-01   2.2378497000000000e-01
   1.3437500000000000e+00   1.9633357000000001e-01   8.0129349999999999e-01   7.6335240999999998e-01   2.2374400999999999e-01
   1.3500000000000001e+00   1.9633307999999999e-01   7.9969257000000005e-01   7.6473024999999994e-01   2.2365628000000001e-01
   1.3562500000000000e+00   1.9633097999999999e-01   7.9812497000000004e-01   7.6611247000000005e-01   2.2352648000000000e-01
   1.3593750000000000e+00   1.9633059999999999e-01   7.9738063000000003e-01   7.6680499999999996e-01   2.2344670000000000e-01
   1.3656250000000001e+00   1.9633207999999999e-01   7.9585276000000005e-01   7.6818655000000002e-01   2.2333322999999999e-01
   1.3687499999999999e+00   1.9633295000000001e-01   7.9508581000000000e-01   7.6887539999999999e-01   2.2328650999999999e-01
   1.3750000000000000e+00   1.9633355000000000e-01   7.9354714000000004e-01   7.7025093000000000e-01   2.2319876999999999e-01
   1.3812500000000001e+00   1.9633207000000000e-01   7.9201571999999998e-01   7.7162624999999996e-01   2.2312978999999999e-01
   1.3843749999999999e+00   1.9633183000000001e-01   7.9125639999999997e-01   7.7231424999999998e-01   2.2309883000000000e-01
   1.3906250000000000e+00   1.9633419999999999e-01   7.8974467000000004e-01   7.7368736999999999e-01   2.2305145000000001e-01
   1.3937500000000000e+00   1.9633384000000001e-01   7.8897974999999998e-01   7.7437356999999996e-01   2.2302306000000000e-01
   1.3999999999999999e+00   1.9633333000000000e-01   7.8747425000000004e-01   7.7574854000000004e-01   2.2298109999999999e-01
   1.4062500000000000e+00   1.9633449000000000e-01   7.8597227000000003e-01   7.7712031999999998e-01   2.2294480000000000e-01
   1.4093750000000000e+00   1.9633544000000000e-01   7.8521485999999996e-01   7.7780521000000002e-01   2.2293418000000001e-01
   1.4156249999999999e+00   1.9633590000000001e-01   7.8370247999999998e-01   7.7917208000000004e-01   2.2291606999999999e-01
   1.4187500000000000e+00   1.9633450999999999e-01   7.8294785000000000e-01   7.7985817999999996e-01   2.2290243000000001e-01
   1.4250000000000000e+00   1.9633403999999999e-01   7.8145290999999995e-01   7.8122972000000002e-01   2.2290625999999999e-01
   1.4312499999999999e+00   1.9633516000000001e-01   7.7996692999999995e-01   7.8259813000000000e-01   2.2292753000000001e-01
   1.4343750000000000e+00   1.9633431000000001e-01   7.7921907000000001e-01   7.8328302999999999e-01   2.2293286000000001e-01
   1.4406250000000000e+00   1.9633492000000000e-01   7.7774188000000000e-01   7.8465132999999998e-01   2.2296661000000001e-01
   1.4437500000000001e+00   1.9633650000000000e-01   7.7700144000000004e-01   7.8533328999999996e-01   2.2299284000000000e-01
   1.4500000000000000e+00   1.9633460000000000e-01   7.7550408999999998e-01   7.8670293999999996e-01   2.2303113999999999e-01
   1.4562500000000000e+00   1.9633322000000000e-01   7.7401825000000002e-01   7.8807510999999997e-01   2.2306197000000000e-01
   1.4593750000000001e+00   1.9633225000000001e-01   7.7332641000000002e-01   7.8876371000000001e-01   2.2305206000000000e-01
   1.4656250000000000e+00   1.9633397000000000e-01   7.7195245999999995e-01   7.9013816000000003e-01   2.2306451999999999e-01
   1.4687500000000000e+00   1.9633396000000000e-01   7.7124897999999997e-01   7.9082481000000004e-01   2.2308404000000001e-01
   1.4750000000000001e+00   1.9633183000000001e-01   7.6985382999999996e-01   7.9220279999999998e-01   2.2312502000000001e-01
   1.4812500000000000e+00   1.9633222000000000e-01   7.6847644000000004e-01   7.9358015000000004e-01   2.2319507000000000e-01
   1.4843750000000000e+00   1.9633283000000001e-01   7.6779153000000000e-01   7.9426770999999996e-01   2.2324126000000000e-01
   1.4906250000000001e+00   1.9633265000000000e-01   7.6640410000000003e-01   7.9564356999999997e-01   2.2335173999999999e-01
   1.4937499999999999e+00   1.9633449000000000e-01   7.6571131999999997e-01   7.9632904999999998e-01   2.2341185000000000e-01
   1.5000000000000000e+00   1.9633129999999999e-01   7.6431241999999999e-01   7.9770364999999999e-01   2.2348280000000001e-01
   1.5062500000000001e+00   1.9633023999999999e-01   7.6300349000000001e-01   7.9908535000000003e-01   2.2354634000000001e-01
   1.5093749999999999e+00   1.9633069000000000e-01   7.6235375999999999e-01   7.9977611999999998e-01   2.2357684000000000e-01
   1.5156250000000000e+00   1.9633147000000001e-01   7.6103942999999996e-01   8.0115698000000002e-01   2.2364949000000001e-01
   1.5187500000000000e+00   1.9633311000000001e-01   7.6038419000000002e-01   8.0184507000000005e-01   2.2369449000000000e-01
   1.5249999999999999e+00   1.9633201000000000e-01   7.5905085000000005e-01   8.0322488000000003e-01   2.2378740999999999e-01
   1.5312500000000000e+00   1.9633349000000000e-01   7.5772269000000003e-01   8.0460317000000003e-01   2.2390363999999999e-01
   1.5343750000000000e+00   1.9633339000000000e-01   7.5706273999999996e-01   8.0529260000000003e-01   2.2398049000000000e-01
   1.5406249999999999e+00   1.9633550000000000e-01   7.5572620999999995e-01   8.0666636999999997e-01   2.2414603000000000e-01
   1.5437500000000000e+00   1.9633392000000000e-01   7.5505065999999998e-01   8.0735555999999997e-01   2.2421326000000000e-01
   1.5500000000000000e+00   1.9633438000000000e-01   7.5372620999999995e-01   8.0873265000000005e-01   2.2436295000000001e-01
   1.5562499999999999e+00   1.9633564000000001e-01   7.5239462999999995e-01   8.1010784999999996e-01   2.2453339999999999e-01
   1.5593750000000000e+00   1.9633489000000001e-01   7.5173279999999998e-01   8.1079628000000004e-01   2.2461723000000000e-01
   1.5656250000000000e+00   1.9633479000000001e-01   7.5041692000000004e-01   8.1217448000000003e-01   2.2480243000000000e-01
   1.5687500000000001e+00   1.9633611000000001e-01   7.4974096000000001e-01   8.1286232999999997e-01   2.2490236999999999e-01
   1.5750000000000000e+00   1.9633058000000000e-01   7.4862008000000002e-01   8.1425057999999995e-01   2.2497830999999999e-01
   1.5812500000000000e+00   1.9633032000000000e-01   7.4743303000000005e-01   8.1564042999999997e-01   2.2508702000000000e-01
   1.5843750000000001e+00   1.9633047000000001e-01   7.4683915999999995e-01   8.1633610000000001e-01   2.2515096000000001e-01
   1.5906250000000000e+00   1.9633191000000000e-01   7.4564887999999996e-01   8.1772663999999995e-01   2.2531656999999999e-01
   1.5937500000000000e+00   1.9633223999999999e-01   7.4505277999999997e-01   8.1842128999999997e-01   2.2541650999999999e-01
   1.6000000000000001e+00   1.9633434999999999e-01   7.4384541000000004e-01   8.1980695999999997e-01   2.2563422000000000e-01
   1.6062500000000000e+00   1.9633239999999999e-01   7.4263133999999997e-01   8.2119631999999998e-01   2.2580270000000000e-01
   1.6093750000000000e+00   1.9633217000000000e-01   7.4202438999999998e-01   8.2189160999999999e-01   2.2589688999999999e-01
   1.6156250000000001e+00   1.9633292999999999e-01   7.4083392000000003e-01   8.2328111000000004e-01   2.2610435000000001e-01
   1.6187499999999999e+00   1.9633300000000001e-01   7.4025253000000002e-01   8.2397642000000004e-01   2.2621959999999999e-01
   1.6250000000000000e+00   1.9633454000000000e-01   7.3904895999999998e-01   8.2536503999999999e-01   2.2645736000000000e-01
   1.6312500000000001e+00   1.9633565000000000e-01   7.3779923000000003e-01   8.2675111000000001e-01   2.2670192000000000e-01
   1.6343749999999999e+00   1.9633637000000001e-01   7.3717770999999999e-01   8.2744413000000006e-01   2.2681860000000001e-01
   1.6406250000000000e+00   1.9633716000000001e-01   7.3592528999999995e-01   8.2882900000000004e-01   2.2706610999999999e-01
   1.6437500000000000e+00   1.9633760000000000e-01   7.3529915999999995e-01   8.2952219000000005e-01   2.2719753000000001e-01
   1.6499999999999999e+00   1.9633824999999999e-01   7.3402692999999997e-01   8.3090807000000000e-01   2.2748677000000000e-01
   1.6562500000000000e+00   1.9634283999999999e-01   7.3274149000000000e-01   8.3228873999999997e-01   2.2780560999999999e-01
   1.6593750000000000e+00   1.9633998000000000e-01   7.3208713999999997e-01   8.3298161000000004e-01   2.2795013000000000e-01
   1.6656249999999999e+00   1.9633339000000000e-01   7.3093138000000002e-01   8.3437622000000000e-01   2.2818606999999999e-01
   1.6687500000000000e+00   1.9633063000000001e-01   7.3041288999999998e-01   8.3508022000000004e-01   2.2823144000000001e-01
   1.6750000000000000e+00   1.9633212999999999e-01   7.2939927999999998e-01   8.3648546999999995e-01   2.2836265000000000e-01
   1.6812499999999999e+00   1.9633323999999999e-01   7.2833729999999997e-01   8.3789044999999995e-01   2.2857453999999999e-01
   1.6843750000000000e+00   1.9633417000000000e-01   7.2779839000000002e-01   8.3859201000000005e-01   2.2870724000000001e-01
   1.6906250000000000e+00   1.9633350999999999e-01   7.2669114999999995e-01   8.3999681999999998e-01   2.2898956000000001e-01
   1.6937500000000001e+00   1.9633396000000000e-01   7.2614453999999995e-01   8.4069961000000004e-01   2.2912697000000001e-01
   1.7000000000000000e+00   1.9633327000000000e-01   7.2503949000000001e-01   8.4210761999999995e-01   2.2941835999999999e-01
   1.7062500000000000e+00   1.9633513000000000e-01   7.2395072000000005e-01   8.4351408000000005e-01   2.2973774999999999e-01
   1.7093750000000001e+00   1.9633631000000001e-01   7.2340903000000001e-01   8.4421648999999999e-01   2.2989180000000001e-01
   1.7156250000000000e+00   1.9633533000000000e-01   7.2225625000000004e-01   8.4562652999999999e-01   2.3022143000000000e-01
   1.7187500000000000e+00   1.9633570000000000e-01   7.2166688999999995e-01   8.4633126000000003e-01   2.3039836999999999e-01
   1.7250000000000001e+00   1.9633574000000001e-01   7.2053791000000000e-01   8.4774028999999995e-01   2.3073592000000001e-01
   1.7312500000000000e+00   1.9633738000000001e-01   7.1938703999999998e-01   8.4914836999999999e-01   2.3107411000000000e-01
   1.7343750000000000e+00   1.9633734999999999e-01   7.1880816999999997e-01   8.4985372999999997e-01   2.3126176000000001e-01
   1.7406250000000001e+00   1.9633745000000000e-01   7.1764492999999996e-01   8.5126599000000003e-01   2.3167747999999999e-01
   1.7437499999999999e+00   1.9634125999999999e-01   7.1708103000000001e-01   8.5196733000000002e-01   2.3189647999999999e-01
   1.7500000000000000e+00   1.9633654000000000e-01   7.1595909000000002e-01   8.5338491999999999e-01   2.3231125000000000e-01
   1.7562500000000001e+00   1.9633944000000000e-01   7.1486305000000006e-01   8.5479868000000003e-01   2.3274392999999999e-01
   1.7593749999999999e+00   1.9633645000000000e-01   7.1431142999999997e-01   8.5551056999999997e-01   2.3294089000000001e-01
   1.7656250000000000e+00   1.9633381000000000e-01   7.1325050999999995e-01   8.5693825000000001e-01   2.3322169000000001e-01
   1.7687500000000000e+00   1.9633419999999999e-01   7.1273650000000000e-01   8.5765334000000004e-01   2.3333470000000001e-01
   1.7749999999999999e+00   1.9632789000000000e-01   7.1172135000000003e-01   8.5909952999999994e-01   2.3339681000000001e-01
   1.7812500000000000e+00   1.9632944999999999e-01   7.1082003999999999e-01   8.6054333000000005e-01   2.3357110000000000e-01
   1.7843750000000000e+00   1.9632842000000000e-01   7.1042548000000005e-01   8.6126543000000000e-01   2.3367375000000001e-01
   1.7906249999999999e+00   1.9633020000000001e-01   7.0960846000000000e-01   8.6270921000000000e-01   2.3394486000000000e-01
   1.7937500000000000e+00   1.9633138000000000e-01   7.0917861000000004e-01   8.6343011999999997e-01   2.3412477000000001e-01
   1.8000000000000000e+00   1.9633118999999999e-01   7.0824043999999997e-01   8.6487415000000001e-01   2.3451944999999999e-01
   1.8062499999999999e+00   1.9633301000000000e-01   7.0728831999999997e-01   8.6631712999999999e-01   2.3490185999999999e-01
   1.8093750000000000e+00   1.9633300000000001e-01   7.0679881000000000e-01   8.6703892000000005e-01   2.3508045999999999e-01
   1.8156250000000000e+00   1.9633331000000001e-01   7.0580200000000004e-01   8.6848088999999995e-01   2.3548168000000000e-01
   1.8187500000000001e+00   1.9633507000000000e-01   7.0527876000000000e-01   8.6920268000000001e-01   2.3569093999999999e-01
   1.8250000000000000e+00   1.9633573000000001e-01   7.0420039999999995e-01   8.7064523000000005e-01   2.3612868000000001e-01
   1.8312500000000000e+00   1.9633080999999999e-01   7.0308733999999995e-01   8.7210052999999998e-01   2.3650307000000001e-01
   1.8343750000000001e+00   1.9633027000000000e-01   7.0255632999999995e-01   8.7282947000000000e-01   2.3666736999999999e-01
   1.8406250000000000e+00   1.9633148000000000e-01   7.0143469999999997e-01   8.7428539000000005e-01   2.3700494000000000e-01
   1.8437500000000000e+00   1.9633192999999999e-01   7.0087230000000000e-01   8.7501364999999998e-01   2.3720092000000001e-01
   1.8500000000000001e+00   1.9633396000000000e-01   6.9978428999999998e-01   8.7646941000000000e-01   2.3766430000000000e-01
   1.8562500000000000e+00   1.9633875000000001e-01   6.9882184000000003e-01   8.7791176000000004e-01   2.3802967000000000e-01
   1.8593750000000000e+00   1.9633940999999999e-01   6.9828741999999999e-01   8.7863438999999999e-01   2.3814558000000000e-01
   1.8656250000000001e+00   1.9633255999999999e-01   6.9713522999999999e-01   8.8009685999999998e-01   2.3818544000000000e-01
   1.8687499999999999e+00   1.9633259000000000e-01   6.9658445999999996e-01   8.8082903000000001e-01   2.3828894000000000e-01
   1.8750000000000000e+00   1.9633265999999999e-01   6.9547910000000002e-01   8.8229612999999996e-01   2.3860952999999999e-01
   1.8812500000000001e+00   1.9633350999999999e-01   6.9439536999999996e-01   8.8376299000000003e-01   2.3904112999999999e-01
   1.8843749999999999e+00   1.9633475000000000e-01   6.9385574000000005e-01   8.8449549999999999e-01   2.3929581000000000e-01
   1.8906250000000000e+00   1.9634159000000001e-01   6.9297914999999999e-01   8.8594128999999999e-01   2.3978440000000001e-01
   1.8937500000000000e+00   1.9634233000000001e-01   6.9243045999999997e-01   8.8666533000000003e-01   2.4001019000000001e-01
   1.8999999999999999e+00   1.9634220999999999e-01   6.9134355000000003e-01   8.8811963999999999e-01   2.4042408000000001e-01
   1.9062500000000000e+00   1.9633313999999999e-01   6.9017903999999997e-01   8.8959779000000005e-01   2.4087563000000001e-01
   1.9093750000000000e+00   1.9633244000000000e-01   6.8961457999999998e-01   8.9033817999999998e-01   2.4108338000000001e-01
   1.9156249999999999e+00   1.9633022999999999e-01   6.8848385000000001e-01   8.9182384000000003e-01   2.4153289000000000e-01
   1.9187500000000000e+00   1.9633519999999999e-01   6.8797251000000004e-01   8.9256022999999995e-01   2.4177675000000001e-01
   1.9250000000000000e+00   1.9633355000000000e-01   6.8710126000000005e-01   8.9404656000000005e-01   2.4201869000000001e-01
   1.9312499999999999e+00   1.9633734000000000e-01   6.8616615000000003e-01   8.9552847999999996e-01   2.4218854000000001e-01
   1.9343750000000000e+00   1.9633914999999999e-01   6.8559634999999997e-01   8.9626532000000003e-01   2.4223170999999999e-01
   1.9406250000000000e+00   1.9633194000000001e-01   6.8474513999999997e-01   8.9775452000000000e-01   2.4224802000000001e-01
   1.9437500000000001e+00   1.9633149000000000e-01   6.8432521999999996e-01   8.9850099999999999e-01   2.4231628999999999e-01
   1.9500000000000000e+00   1.9632897999999999e-01   6.8342484000000003e-01   8.9999746999999997e-01   2.4257076000000000e-01
   1.9562500000000000e+00   1.9633110000000001e-01   6.8237650000000005e-01   9.0149325999999996e-01   2.4293026000000001e-01
   1.9593750000000001e+00   1.9633290000000000e-01   6.8150423999999998e-01   9.0223949000000003e-01   2.4314024000000001e-01
   1.9656250000000000e+00   1.9633607000000000e-01   6.8074648000000004e-01   9.0372861999999998e-01   2.4354295000000001e-01
   1.9687500000000000e+00   1.9633587000000000e-01   6.8024790999999996e-01   9.0447407000000002e-01   2.4372621999999999e-01
   1.9750000000000001e+00   1.9633692999999999e-01   6.7911248000000002e-01   9.0595941999999996e-01   2.4395687999999999e-01
   1.9812500000000000e+00   1.9633528000000000e-01   6.7805497999999997e-01   9.0745310000000001e-01   2.4398043999999999e-01
   1.9843750000000000e+00   1.9633563000000001e-01   6.7744294000000005e-01   9.0819956000000002e-01   2.4401919999999999e-01
   1.9906250000000001e+00   1.9633075000000000e-01   6.7599200999999998e-01   9.0970868999999999e-01   2.4385818000000001e-01
   1.9937499999999999e+00   1.9633455999999999e-01   6.7543887000000002e-01   9.1045564999999995e-01   2.4377244000000001e-01
   2.0000000000000000e+00   1.9633787999999999e-01   6.7438403999999996e-01   9.1194688000000002e-01   2.4373712000000000e-01
   2.0062500000000001e+00   1.9633605000000001e-01   6.7314914000000003e-01   9.1343750000000001e-01   2.4376903999999999e-01
   2.0093749999999999e+00   1.9633726000000001e-01   6.7241930000000005e-01   9.1418009000000000e-01   2.4377393999999999e-01
   2.0156250000000000e+00   1.9633929999999999e-01   6.7084935000000001e-01   9.1565794000000000e-01   2.4371085000000001e-01
   2.0187499999999998e+00   1.9633687000000000e-01   6.6986871000000003e-01   9.1640292999999995e-01   2.4365912000000001e-01
   2.0249999999999999e+00   1.9634024999999999e-01   6.6791451999999996e-01   9.1789222999999998e-01   2.4356823999999999e-01
   2.0312500000000000e+00   1.9634134000000000e-01   6.6546846999999998e-01   9.1936890999999998e-01   2.4317189000000000e-01
   2.0343749999999998e+00   1.9633616000000001e-01   6.6496745999999995e-01   9.2011363000000002e-01   2.4293814000000000e-01
   2.0406249999999999e+00   1.9633732000000001e-01   6.6360735999999998e-01   9.2159747000000003e-01   2.4262755000000000e-01
   2.0437500000000002e+00   1.9634102000000000e-01   6.6270872000000003e-01   9.2233383999999996e-01   2.4251970000000000e-01
   2.0499999999999998e+00   1.9634146000000000e-01   6.6109530000000005e-01   9.2380761000000000e-01   2.4217775000000000e-01
   2.0562499999999999e+00   1.9633556999999999e-01   6.5911863999999998e-01   9.2528589999999999e-01   2.4184741000000001e-01
   2.0593750000000002e+00   1.9633038000000000e-01   6.5819068000000003e-01   9.2603336000000003e-01   2.4158745000000001e-01
   2.0656249999999998e+00   1.9633528000000000e-01   6.5644089999999999e-01   9.2751123999999996e-01   2.4109101999999999e-01
   2.0687500000000001e+00   1.9633838000000001e-01   6.5557905999999999e-01   9.2824461999999996e-01   2.4084190000000000e-01
   2.0750000000000002e+00   1.9633534999999999e-01   6.5394892999999998e-01   9.2971773999999996e-01   2.4038691000000001e-01
   2.0812499999999998e+00   1.9633517000000000e-01   6.5229747000000005e-01   9.3118913000000003e-01   2.3992342999999999e-01
   2.0843750000000001e+00   1.9633832000000001e-01   6.5146490999999995e-01   9.3191955000000004e-01   2.3970067000000000e-01
   2.0906250000000002e+00   1.9633666000000000e-01   6.4968687000000003e-01   9.3338381999999998e-01   2.3930509999999999e-01
   2.0937500000000000e+00   1.9633279000000001e-01   6.4861208999999997e-01   9.3412033999999999e-01   2.3909053999999999e-01
   2.1000000000000001e+00   1.9633893999999999e-01   6.4699598000000003e-01   9.3557749999999995e-01   2.3801966999999999e-01
   2.1062500000000002e+00   1.9634076000000000e-01   6.4528675999999996e-01   9.3702205000000005e-01   2.3717279999999999e-01
   2.1093750000000000e+00   1.9634212000000001e-01   6.4444467000000005e-01   9.3774007000000004e-01   2.3684632000000000e-01
   2.1156250000000001e+00   1.9634088000000000e-01   6.4268435000000002e-01   9.3917485000000001e-01   2.3607594000000001e-01
   2.1187499999999999e+00   1.9633842000000001e-01   6.4195398999999997e-01   9.3989548999999994e-01   2.3575251999999999e-01
   2.1250000000000000e+00   1.9633966000000000e-01   6.4034546999999997e-01   9.4133230000000001e-01   2.3525261000000000e-01
   2.1312500000000001e+00   1.9633671000000000e-01   6.3871871999999996e-01   9.4277341999999997e-01   2.3466194000000001e-01
   2.1343749999999999e+00   1.9633234999999999e-01   6.3790533000000005e-01   9.4349802999999999e-01   2.3433567000000000e-01
   2.1406250000000000e+00   1.9633407999999999e-01   6.3636736999999999e-01   9.4494036999999997e-01   2.3385600000000001e-01
   2.1437499999999998e+00   1.9633382999999999e-01   6.3559535000000000e-01   9.4566046000000004e-01   2.3368786000000000e-01
   2.1499999999999999e+00   1.9633542000000001e-01   6.3344420000000001e-01   9.4709498999999997e-01   2.3325244000000001e-01
   2.1562500000000000e+00   1.9633291000000000e-01   6.3227268000000003e-01   9.4853111000000001e-01   2.3266851999999999e-01
   2.1593749999999998e+00   1.9633355000000000e-01   6.3146033999999995e-01   9.4924894000000004e-01   2.3239992000000001e-01
   2.1656249999999999e+00   1.9633690000000001e-01   6.2945717000000001e-01   9.5067857000000000e-01   2.3176872000000001e-01
   2.1687500000000002e+00   1.9633403999999999e-01   6.2901134000000003e-01   9.5139404000000005e-01   2.3139835000000000e-01
   2.1749999999999998e+00   1.9633463000000001e-01   6.2749699999999997e-01   9.5281559999999998e-01   2.3078499000000000e-01
   2.1812499999999999e+00   1.9633691000000000e-01   6.2593852999999999e-01   9.5422941999999999e-01   2.3028092999999999e-01
   2.1843750000000002e+00   1.9633817000000001e-01   6.2520412999999997e-01   9.5493331000000004e-01   2.3003615999999999e-01
   2.1906249999999998e+00   1.9633453000000001e-01   6.2348782000000003e-01   9.5634353999999999e-01   2.2938613999999999e-01
   2.1937500000000001e+00   1.9633315000000001e-01   6.2268305000000002e-01   9.5705101000000004e-01   2.2906519000000000e-01
   2.2000000000000002e+00   1.9633622000000001e-01   6.2091328000000001e-01   9.5845895999999997e-01   2.2856849000000001e-01
   2.2062499999999998e+00   1.9634028000000001e-01   6.1931301999999999e-01   9.5985122000000000e-01   2.2817564000000001e-01
   2.2093750000000001e+00   1.9634128000000001e-01   6.1849606000000001e-01   9.6054806999999998e-01   2.2792944000000001e-01
   2.2156250000000002e+00   1.9634744000000001e-01   6.1672680000000002e-01   9.6193388999999996e-01   2.2730002999999999e-01
   2.2187500000000000e+00   1.9634016000000001e-01   6.1598562000000001e-01   9.6263310999999996e-01   2.2698958999999999e-01
   2.2250000000000001e+00   1.9634307000000001e-01   6.1408103000000003e-01   9.6401331000000001e-01   2.2651233000000001e-01
   2.2312500000000002e+00   1.9634120999999999e-01   6.1219482000000003e-01   9.6539761999999996e-01   2.2612204000000000e-01
   2.2343750000000000e+00   1.9634467999999999e-01   6.1127496999999997e-01   9.6608313000000001e-01   2.2589998000000000e-01
   2.2406250000000001e+00   1.9633853000000001e-01   6.0951283999999994e-01   9.6746644999999998e-01   2.2531570000000001e-01
   2.2437499999999999e+00   1.9634192000000000e-01   6.0853822999999996e-01   9.6815448999999998e-01   2.2508696000000000e-01
   2.2500000000000000e+00   1.9633732000000001e-01   6.0680314000000002e-01   9.6953995000000004e-01   2.2473969999999999e-01
   2.2562500000000001e+00   1.9634186000000001e-01   6.0494627000000001e-01   9.7091393000000004e-01   2.2438707999999999e-01
   2.2593749999999999e+00   1.9635029000000001e-01   6.0403529000000000e-01   9.7158953999999997e-01   2.2418804000000001e-01
   2.2656250000000000e+00   1.9634429000000000e-01   6.0222067000000001e-01   9.7295675000000004e-01   2.2381843000000001e-01
   2.2687499999999998e+00   1.9633919000000000e-01   6.0114462000000002e-01   9.7364682999999996e-01   2.2365081000000001e-01
   2.2749999999999999e+00   1.9634757999999999e-01   5.9930000999999999e-01   9.7500039999999999e-01   2.2331714000000000e-01
   2.2812500000000000e+00   1.9634423000000001e-01   5.9746467999999997e-01   9.7636539000000000e-01   2.2310547999999999e-01
   2.2843749999999998e+00   1.9634428000000001e-01   5.9622987999999999e-01   9.7704641000000003e-01   2.2302346000000001e-01
   2.2906249999999999e+00   1.9634480000000001e-01   5.9461109999999995e-01   9.7840497000000004e-01   2.2272532000000000e-01
   2.2937500000000002e+00   1.9634531000000000e-01   5.9360756000000003e-01   9.7908223000000005e-01   2.2253891000000001e-01
   2.2999999999999998e+00   1.9634367999999999e-01   5.9156666000000002e-01   9.8043908000000002e-01   2.2216596000000000e-01
   2.3062499999999999e+00   1.9635822000000000e-01   5.8965787000000003e-01   9.8176964000000000e-01   2.2178919000000000e-01
   2.3093750000000002e+00   1.9636360999999999e-01   5.8851566000000000e-01   9.8242735999999997e-01   2.2162566000000000e-01
   2.3156249999999998e+00   1.9635079000000000e-01   5.8577248999999998e-01   9.8376591999999996e-01   2.2127590999999999e-01
   2.3187500000000001e+00   1.9634655000000001e-01   5.8416330999999999e-01   9.8443862000000004e-01   2.2109640999999999e-01
   2.3250000000000002e+00   1.9635122999999999e-01   5.8194844000000001e-01   9.8577497999999997e-01   2.2062884999999999e-01
   2.3312499999999998e+00   1.9634937000000000e-01   5.8025293000000000e-01   9.8711528000000004e-01   2.2009817000000001e-01
   2.3343750000000001e+00   1.9635190000000000e-01   5.7918862999999998e-01   9.8777994999999996e-01   2.1985526000000000e-01
   2.3406250000000002e+00   1.9634920000000000e-01   5.7780818000000000e-01   9.8911693000000001e-01   2.1945379000000001e-01
   2.3437500000000000e+00   1.9634860000000001e-01   5.7704407000000002e-01   9.8978443000000005e-01   2.1925802999999999e-01
   2.3500000000000001e+00   1.9634277999999999e-01   5.7609237000000002e-01   9.9112714000000002e-01   2.1885937000000000e-01
   2.3562500000000002e+00   1.9633876000000000e-01   5.7425205999999995e-01   9.9247138999999995e-01   2.1845435999999999e-01
   2.3593750000000000e+00   1.9634088999999999e-01   5.7348781000000004e-01   9.9313868000000005e-01   2.1820803000000000e-01
   2.3656250000000001e+00   1.9634355000000001e-01   5.7171141999999997e-01   9.9446931999999999e-01   2.1777832999999999e-01
   2.3687499999999999e+00   1.9634441000000000e-01   5.6995096000000001e-01   9.9513273000000002e-01   2.1755901000000000e-01
   2.3750000000000000e+00   1.9633146000000001e-01   5.6737559999999998e-01   9.9648415999999995e-01   2.1722468000000000e-01
   2.3812500000000001e+00   1.9633954000000001e-01   5.6487476000000003e-01   9.9782402999999997e-01   2.1675504000000001e-01
   2.3843749999999999e+00   1.9633529000000000e-01   5.6408659000000005e-01   9.9849622000000005e-01   2.1648628000000000e-01
   2.3906250000000000e+00   1.9633860000000000e-01   5.6281108000000002e-01   9.9982853999999999e-01   2.1589390999999999e-01
   2.3937499999999998e+00   1.9634033000000001e-01   5.6208583000000001e-01   1.0004922300000001e+00   2.1565939000000001e-01
   2.3999999999999999e+00   1.9634304999999999e-01   5.6067204000000004e-01   1.0018080300000001e+00   2.1521190000000001e-01
   2.4062500000000000e+00   1.9633779000000001e-01   5.5996429999999997e-01   1.0031332300000000e+00   2.1481592999999999e-01
   2.4093749999999998e+00   1.9634283000000000e-01   5.5937934000000000e-01   1.0037886600000001e+00   2.1464440000000001e-01
   2.4156249999999999e+00   1.9633917000000001e-01   5.5861101999999996e-01   1.0051077500000001e+00   2.1436378000000000e-01
   2.4187500000000002e+00   1.9633598999999999e-01   5.5805497000000004e-01   1.0057693299999999e+00   2.1419609000000001e-01
   2.4249999999999998e+00   1.9633315000000001e-01   5.5686464999999996e-01   1.0070950400000001e+00   2.1383094000000000e-01
   2.4312499999999999e+00   1.9633858000000001e-01   5.5590487000000000e-01   1.0084086800000001e+00   2.1345902000000000e-01
   2.4343750000000002e+00   1.9634219000000000e-01   5.5529693000000002e-01   1.0090608400000001e+00   2.1331502999999999e-01
   2.4406249999999998e+00   1.9633647000000001e-01   5.5409595000000000e-01   1.0103763600000000e+00   2.1301296000000000e-01
   2.4437500000000001e+00   1.9633571000000000e-01   5.5338259000000001e-01   1.0110330100000000e+00   2.1289448000000000e-01
   2.4500000000000002e+00   1.9633871000000000e-01   5.5196626999999998e-01   1.0123421500000001e+00   2.1271038000000000e-01
   2.4562499999999998e+00   1.9633753000000001e-01   5.5073369000000005e-01   1.0136567999999999e+00   2.1258524000000001e-01
   2.4593750000000001e+00   1.9634354000000001e-01   5.5008259000000004e-01   1.0143042900000001e+00   2.1251961000000000e-01
   2.4656250000000002e+00   1.9634062999999999e-01   5.4877794999999996e-01   1.0156097600000000e+00   2.1240094000000001e-01
   2.4687500000000000e+00   1.9633740000000000e-01   5.4809476999999995e-01   1.0162662000000000e+00   2.1233595999999999e-01
   2.4750000000000001e+00   1.9633779000000001e-01   5.4669688999999999e-01   1.0175740400000000e+00   2.1223186999999999e-01
   2.4812500000000002e+00   1.9634230000000000e-01   5.4527610000000004e-01   1.0188780399999999e+00   2.1216363999999999e-01
   2.4843750000000000e+00   1.9634288999999999e-01   5.4336622999999995e-01   1.0195298500000001e+00   2.1213018000000000e-01
   2.4906250000000001e+00   1.9635084000000000e-01   5.4132917000000003e-01   1.0208211000000000e+00   2.1199875000000001e-01
   2.4937499999999999e+00   1.9634786000000001e-01   5.4063282999999995e-01   1.0214693399999999e+00   2.1194114999999999e-01
   2.5000000000000000e+00   1.9634251000000000e-01   5.3915988999999997e-01   1.0227799300000000e+00   2.1185815999999999e-01
   2.5062500000000001e+00   1.9634165000000001e-01   5.3798087999999999e-01   1.0240888500000001e+00   2.1169154000000001e-01
   2.5093749999999999e+00   1.9634302000000001e-01   5.3739877000000003e-01   1.0247421999999999e+00   2.1159053000000000e-01
   2.5156250000000000e+00   1.9634621999999999e-01   5.3646758999999999e-01   1.0260409900000000e+00   2.1146502000000000e-01
   2.5187499999999998e+00   1.9634451000000000e-01   5.3591955000000002e-01   1.0266891700000000e+00   2.1143308999999999e-01
   2.5249999999999999e+00   1.9634769999999999e-01   5.3473771999999997e-01   1.0279787300000001e+00   2.1134548000000000e-01
   2.5312500000000000e+00   1.9634968000000000e-01   5.3345123000000005e-01   1.0292598399999999e+00   2.1123855000000000e-01
   2.5343749999999998e+00   1.9634740000000001e-01   5.3267874000000004e-01   1.0299057700000001e+00   2.1120866999999999e-01
   2.5406249999999999e+00   1.9634456000000000e-01   5.3122170999999996e-01   1.0312005200000001e+00   2.1111970999999999e-01
   2.5437500000000002e+00   1.9634362999999999e-01   5.3064648999999997e-01   1.0318486099999999e+00   2.1103538999999999e-01
   2.5499999999999998e+00   1.9634742999999999e-01   5.2930043999999998e-01   1.0331430800000001e+00   2.1095015000000000e-01
   2.5562499999999999e+00   1.9634586000000001e-01   5.2773760999999997e-01   1.0344357000000000e+00   2.1081992999999999e-01
   2.5593750000000002e+00   1.9634187000000000e-01   5.2709337000000001e-01   1.0350893100000000e+00   2.1074369000000001e-01
   2.5656249999999998e+00   1.9634248000000001e-01   5.2606850000000005e-01   1.0363916900000001e+00   2.1060866000000000e-01
   2.5687500000000001e+00   1.9634055000000000e-01   5.2556230999999998e-01   1.0370447899999999e+00   2.1055112000000001e-01
   2.5750000000000002e+00   1.9633928000000000e-01   5.2443079000000004e-01   1.0383484000000001e+00   2.1044044000000001e-01
   2.5812499999999998e+00   1.9634726000000000e-01   5.2314240000000001e-01   1.0396364199999999e+00   2.1034164000000000e-01
   2.5843750000000001e+00   1.9634167000000000e-01   5.2257704000000005e-01   1.0402880200000000e+00   2.1025325000000000e-01
   2.5906250000000002e+00   1.9634225000000000e-01   5.2077523000000003e-01   1.0415813100000000e+00   2.0994244000000001e-01
   2.5937500000000000e+00   1.9633577999999999e-01   5.1993677000000005e-01   1.0422381599999999e+00   2.0982728000000000e-01
   2.6000000000000001e+00   1.9633986000000000e-01   5.1886650999999995e-01   1.0435313500000001e+00   2.0962507999999999e-01
   2.6062500000000002e+00   1.9634143000000001e-01   5.1772545000000003e-01   1.0448190600000000e+00   2.0942003000000001e-01
   2.6093750000000000e+00   1.9634204000000000e-01   5.1561314999999996e-01   1.0454610200000001e+00   2.0934006999999999e-01
   2.6156250000000001e+00   1.9634081000000000e-01   5.1601039000000004e-01   1.0467485900000000e+00   2.0921529999999999e-01
   2.6187499999999999e+00   1.9634057999999999e-01   5.1578789000000003e-01   1.0473918000000000e+00   2.0916016000000001e-01
   2.6250000000000000e+00   1.9634203000000000e-01   5.1511030999999996e-01   1.0486696200000001e+00   2.0906997999999999e-01
   2.6312500000000001e+00   1.9633564000000001e-01   5.1450479000000005e-01   1.0499596800000000e+00   2.0888127000000001e-01
   2.6343749999999999e+00   1.9633737000000001e-01   5.1424877999999996e-01   1.0506020599999999e+00   2.0882740999999999e-01
   2.6406250000000000e+00   1.9633726000000001e-01   5.1440936000000004e-01   1.0518914399999999e+00   2.0875270000000001e-01
   2.6437499999999998e+00   1.9633914000000000e-01   5.1498065000000004e-01   1.0525331899999999e+00   2.0873137000000000e-01
   2.6499999999999999e+00   1.9633713999999999e-01   5.1460819999999996e-01   1.0538244000000001e+00   2.0869088000000000e-01
   2.6562500000000000e+00   1.9633518999999999e-01   5.1428563000000005e-01   1.0551167600000000e+00   2.0855529000000000e-01
   2.6593749999999998e+00   1.9633444000000000e-01   5.1391394000000001e-01   1.0557628299999999e+00   2.0850571000000001e-01
   2.6656249999999999e+00   1.9633492999999999e-01   5.1302194000000001e-01   1.0570540300000000e+00   2.0844710000000000e-01
   2.6687500000000002e+00   1.9633397999999999e-01   5.1253099000000002e-01   1.0577002700000000e+00   2.0842510000000000e-01
   2.6749999999999998e+00   1.9633450000000000e-01   5.1145505000000002e-01   1.0589913000000000e+00   2.0839943000000000e-01
   2.6812499999999999e+00   1.9633733000000000e-01   5.1012725000000003e-01   1.0602804800000001e+00   2.0839245000000001e-01
   2.6843750000000002e+00   1.9633561999999999e-01   5.0962739000000001e-01   1.0609313700000000e+00   2.0837257000000001e-01
   2.6906249999999998e+00   1.9633286000000000e-01   5.0854451000000001e-01   1.0622291900000000e+00   2.0832044000000000e-01
   2.6937500000000001e+00   1.9633353000000001e-01   5.0787095999999998e-01   1.0628735600000001e+00   2.0829819999999999e-01
   2.7000000000000002e+00   1.9633395000000001e-01   5.0627902999999996e-01   1.0641603200000000e+00   2.0826264999999999e-01
   2.7062499999999998e+00   1.9633550000000000e-01   5.0513026999999999e-01   1.0654438799999999e+00   2.0825039000000001e-01
   2.7093750000000001e+00   1.9634752999999999e-01   5.0474945000000004e-01   1.0660735200000000e+00   2.0824590000000001e-01
   2.7156250000000002e+00   1.9634236999999999e-01   5.0388754000000002e-01   1.0673552799999999e+00   2.0822020999999999e-01
   2.7187500000000000e+00   1.9634589000000000e-01   5.0333941000000004e-01   1.0679902500000000e+00   2.0821342000000001e-01
   2.7250000000000001e+00   1.9634619000000000e-01   5.0230288000000001e-01   1.0692622000000001e+00   2.0820100999999999e-01
   2.7312500000000002e+00   1.9634034000000000e-01   5.0135030999999997e-01   1.0705417399999999e+00   2.0806825000000001e-01
   2.7343750000000000e+00   1.9634236999999999e-01   5.0089592999999999e-01   1.0711775299999999e+00   2.0800957000000000e-01
   2.7406250000000001e+00   1.9633666000000000e-01   5.0015019999999999e-01   1.0724724800000001e+00   2.0797283000000000e-01
   2.7437499999999999e+00   1.9633861000000000e-01   4.9971768999999999e-01   1.0731125800000001e+00   2.0797254000000001e-01
   2.7500000000000000e+00   1.9633576999999999e-01   4.9894047000000002e-01   1.0744003200000001e+00   2.0797908000000001e-01
   2.7562500000000001e+00   1.9634192000000000e-01   4.9842732000000001e-01   1.0756754300000000e+00   2.0797926000000000e-01
   2.7593749999999999e+00   1.9634186000000001e-01   4.9820736999999998e-01   1.0763143600000000e+00   2.0797423000000001e-01
   2.7656250000000000e+00   1.9634591000000001e-01   4.9764796000000000e-01   1.0775876600000001e+00   2.0794468999999999e-01
   2.7687499999999998e+00   1.9634401000000001e-01   4.9731125999999998e-01   1.0782267500000000e+00   2.0791444000000001e-01
   2.7749999999999999e+00   1.9634149000000001e-01   4.9628174000000003e-01   1.0795035799999999e+00   2.0783293999999999e-01
   2.7812500000000000e+00   1.9634032000000001e-01   4.9520016000000000e-01   1.0807824600000000e+00   2.0775605999999999e-01
   2.7843749999999998e+00   1.9633481000000000e-01   4.9505258000000002e-01   1.0814324000000000e+00   2.0772457999999999e-01
   2.7906249999999999e+00   1.9634475000000001e-01   4.9344642999999999e-01   1.0827056200000000e+00   2.0766203000000000e-01
   2.7937500000000002e+00   1.9634496000000001e-01   4.9280539000000001e-01   1.0833455200000000e+00   2.0762201000000000e-01
   2.7999999999999998e+00   1.9634119999999999e-01   4.9231817000000000e-01   1.0846270800000000e+00   2.0743607999999999e-01
   2.8062499999999999e+00   1.9634029000000000e-01   4.9184926000000001e-01   1.0859019299999999e+00   2.0723368000000000e-01
   2.8093750000000002e+00   1.9633798999999999e-01   4.9171810999999999e-01   1.0865411800000000e+00   2.0716631999999999e-01
   2.8156249999999998e+00   1.9633571000000000e-01   4.9155367999999999e-01   1.0878169000000000e+00   2.0709660999999999e-01
   2.8187500000000001e+00   1.9633668000000001e-01   4.9170583000000001e-01   1.0884520499999999e+00   2.0706509000000001e-01
   2.8250000000000002e+00   1.9633502000000000e-01   4.9157016999999997e-01   1.0897274100000001e+00   2.0702396000000001e-01
   2.8312499999999998e+00   1.9633812000000000e-01   4.9148638000000000e-01   1.0910002800000000e+00   2.0700572000000000e-01
   2.8343750000000001e+00   1.9634161999999999e-01   4.9136473000000003e-01   1.0916298499999999e+00   2.0699607000000000e-01
   2.8406250000000002e+00   1.9634059000000001e-01   4.9024304000000002e-01   1.0928932899999999e+00   2.0681083000000000e-01
   2.8437500000000000e+00   1.9633908000000000e-01   4.9003360000000001e-01   1.0935257599999999e+00   2.0669074000000001e-01
   2.8500000000000001e+00   1.9633953000000001e-01   4.8919224000000000e-01   1.0947850100000001e+00   2.0652313000000000e-01
   2.8562500000000002e+00   1.9634062999999999e-01   4.8794890000000002e-01   1.0960422000000001e+00   2.0641862999999999e-01
   2.8593750000000000e+00   1.9633697999999999e-01   4.8735867999999999e-01   1.0966770500000000e+00   2.0639101000000001e-01
   2.8656250000000001e+00   1.9633901000000001e-01   4.8585804999999999e-01   1.0979351600000000e+00   2.0639178000000000e-01
   2.8687499999999999e+00   1.9634441000000000e-01   4.8510198999999998e-01   1.0985567700000001e+00   2.0642230000000000e-01
   2.8750000000000000e+00   1.9634051999999999e-01   4.8563458999999998e-01   1.0998191900000001e+00   2.0646097999999999e-01
   2.8812500000000001e+00   1.9634308000000000e-01   4.8473279000000002e-01   1.1010709599999999e+00   2.0642838999999999e-01
   2.8843749999999999e+00   1.9634288000000000e-01   4.8457655999999999e-01   1.1016994000000000e+00   2.0639943999999999e-01
   2.8906250000000000e+00   1.9633967999999999e-01   4.8402482000000002e-01   1.1029717000000001e+00   2.0631948000000000e-01
   2.8937499999999998e+00   1.9633834999999999e-01   4.8367071000000000e-01   1.1036064900000000e+00   2.0627155999999999e-01
   2.8999999999999999e+00   1.9633907000000000e-01   4.8289265999999997e-01   1.1048711899999999e+00   2.0618555000000000e-01
   2.9062500000000000e+00   1.9633923000000000e-01   4.8187849999999999e-01   1.1061371000000000e+00   2.0613587000000000e-01
   2.9093749999999998e+00   1.9633887999999999e-01   4.8139663999999999e-01   1.1067710700000000e+00   2.0612891000000000e-01
   2.9156249999999999e+00   1.9633813000000000e-01   4.8026472999999997e-01   1.1080397300000000e+00   2.0599714000000000e-01
   2.9187500000000002e+00   1.9633766999999999e-01   4.7966003000000001e-01   1.1086727400000000e+00   2.0590417999999999e-01
   2.9249999999999998e+00   1.9633354000000000e-01   4.7801117999999998e-01   1.1099441200000000e+00   2.0576027000000000e-01
   2.9312499999999999e+00   1.9633903000000000e-01   4.7675042000000001e-01   1.1112053900000001e+00   2.0567903000000001e-01
   2.9343750000000002e+00   1.9634108000000000e-01   4.7636518999999999e-01   1.1118337500000000e+00   2.0563829000000000e-01
   2.9406249999999998e+00   1.9634235000000000e-01   4.7524801000000000e-01   1.1130820600000000e+00   2.0557033999999999e-01
   2.9437500000000001e+00   1.9634455000000001e-01   4.7471896000000002e-01   1.1137024900000001e+00   2.0555324999999999e-01
   2.9500000000000002e+00   1.9634641000000000e-01   4.7402393999999998e-01   1.1149465999999999e+00   2.0556120000000000e-01
   2.9562499999999998e+00   1.9635088000000001e-01   4.7299459999999999e-01   1.1161852100000000e+00   2.0555973000000000e-01
   2.9593750000000001e+00   1.9635199000000000e-01   4.7251514000000000e-01   1.1168018500000001e+00   2.0554716000000001e-01
   2.9656250000000002e+00   1.9635200000000000e-01   4.7127628999999999e-01   1.1180350999999999e+00   2.0549176999999999e-01
   2.9687500000000000e+00   1.9635637000000000e-01   4.7050786000000000e-01   1.1186472900000000e+00   2.0547573999999999e-01
   2.9750000000000001e+00   1.9634661000000000e-01   4.6928034000000002e-01   1.1199075500000000e+00   2.0544567000000000e-01
   2.9812500000000002e+00   1.9634781000000001e-01   4.6830782999999998e-01   1.1211580900000000e+00   2.0543138000000000e-01
   2.9843750000000000e+00   1.9634721999999999e-01   4.6761470999999999e-01   1.1217866599999999e+00   2.0541615999999999e-01
   2.9906250000000001e+00   1.9634296000000001e-01   4.6604953999999998e-01   1.1230480100000000e+00   2.0537617000000000e-01
   2.9937499999999999e+00   1.9634325000000000e-01   4.6528524999999998e-01   1.1236771100000000e+00   2.0536873000000000e-01
   3.0000000000000000e+00   1.9635390999999999e-01   4.6470792999999999e-01   1.1249236600000001e+00   2.0535565000000000e-01
