   4.3364770000000000e-03   0.0000000000000000e+00   9.9999669999999996e-01   5.0000560000000005e-01   2.7591740000000001e-03
   9.3872399999999998e-03   0.0000000000000000e+00   9.9999919999999998e-01   5.0002729999999995e-01   5.9516489999999998e-03
   1.4437999999999999e-02   0.0000000000000000e+00   9.9999979999999999e-01   5.0006499999999998e-01   9.1227449999999998e-03
   1.9488769999999999e-02   0.0000000000000000e+00   9.9999990000000005e-01   5.0011859999999997e-01   1.2273289999999999e-02
   2.4539530000000000e-02   0.0000000000000000e+00   1.0000000000000000e+00   5.0018810000000002e-01   1.5403890000000000e-02
   2.9590290000000002e-02   0.0000000000000000e+00   1.0000000000000000e+00   5.0027339999999998e-01   1.8515060000000000e-02
   3.4641050000000000e-02   0.0000000000000000e+00   1.0000000000000000e+00   5.0037440000000000e-01   2.1607230000000002e-02
   3.9691820000000003e-02   0.0000000000000000e+00   1.0000000000000000e+00   5.0049089999999996e-01   2.4680790000000001e-02
   4.4742579999999997e-02   0.0000000000000000e+00   1.0000000000000000e+00   5.0062289999999998e-01   2.7736090000000001e-02
   4.9793339999999998e-02   0.0000000000000000e+00   1.0000000000000000e+00   5.0077030000000000e-01   3.0773450000000001e-02
   5.4844100000000000e-02   0.0000000000000000e+00   9.9999990000000005e-01   5.0093299999999996e-01   3.3793129999999998e-02
   5.9894870000000003e-02   0.0000000000000000e+00   9.9999990000000005e-01   5.0111090000000003e-01   3.6795420000000002e-02
   6.4945630000000004e-02   0.0000000000000000e+00   9.9999990000000005e-01   5.0130390000000002e-01   3.9780560000000000e-02
   6.9996390000000006e-02   0.0000000000000000e+00   9.9999979999999999e-01   5.0151199999999996e-01   4.2748750000000002e-02
   7.5047160000000002e-02   0.0000000000000000e+00   9.9999979999999999e-01   5.0173500000000004e-01   4.5700220000000000e-02
   8.0097920000000003e-02   0.0000000000000000e+00   9.9999970000000005e-01   5.0197290000000006e-01   4.8635140000000000e-02
   8.5148680000000004e-02   0.0000000000000000e+00   9.9999959999999999e-01   5.0222549999999999e-01   5.1553679999999998e-02
   9.0199440000000006e-02   0.0000000000000000e+00   9.9999950000000004e-01   5.0249290000000002e-01   5.4455999999999997e-02
   9.5250210000000002e-02   0.0000000000000000e+00   9.9999939999999998e-01   5.0277490000000002e-01   5.7342230000000001e-02
   1.0030100000000000e-01   0.0000000000000000e+00   9.9999930000000004e-01   5.0307139999999995e-01   6.0212500000000002e-02
   1.0535170000000001e-01   0.0000000000000000e+00   9.9999919999999998e-01   5.0338240000000001e-01   6.3066919999999999e-02
   1.1040250000000000e-01   0.0000000000000000e+00   9.9999899999999997e-01   5.0370780000000004e-01   6.5905569999999997e-02
   1.1545329999999999e-01   0.0000000000000000e+00   9.9999879999999997e-01   5.0404740000000003e-01   6.8728540000000005e-02
   1.2050400000000000e-01   0.0000000000000000e+00   9.9999859999999996e-01   5.0440130000000005e-01   7.1535899999999999e-02
   1.2555479999999999e-01   0.0000000000000000e+00   9.9999839999999995e-01   5.0476929999999998e-01   7.4327699999999997e-02
   1.3060550000000001e-01   0.0000000000000000e+00   9.9999810000000000e-01   5.0515140000000003e-01   7.7103969999999994e-02
   1.3565630000000001e-01   0.0000000000000000e+00   9.9999790000000000e-01   5.0554750000000004e-01   7.9864740000000004e-02
   1.4070710000000000e-01   0.0000000000000000e+00   9.9999749999999998e-01   5.0595749999999995e-01   8.2610030000000001e-02
   1.4575779999999999e-01   0.0000000000000000e+00   9.9999720000000003e-01   5.0638130000000003e-01   8.5339830000000005e-02
   1.5080859999999999e-01   0.0000000000000000e+00   9.9999680000000002e-01   5.0681880000000001e-01   8.8054129999999994e-02
   1.5585940000000001e-01   0.0000000000000000e+00   9.9999640000000001e-01   5.0727000000000000e-01   9.0752899999999997e-02
   1.6091010000000000e-01   0.0000000000000000e+00   9.9999590000000005e-01   5.0773489999999999e-01   9.3436110000000003e-02
   1.6596089999999999e-01   0.0000000000000000e+00   9.9999530000000003e-01   5.0821320000000003e-01   9.6103700000000000e-02
   1.7101160000000001e-01   0.0000000000000000e+00   9.9999479999999996e-01   5.0870499999999996e-01   9.8755609999999994e-02
   1.7606240000000001e-01   0.0000000000000000e+00   9.9999410000000000e-01   5.0921010000000000e-01   1.0139180000000000e-01
   1.8111320000000000e-01   0.0000000000000000e+00   9.9999340000000003e-01   5.0972850000000003e-01   1.0401210000000000e-01
   1.8616389999999999e-01   0.0000000000000000e+00   9.9999260000000001e-01   5.1026009999999999e-01   1.0661640000000000e-01
   1.9121469999999999e-01   0.0000000000000000e+00   9.9999170000000004e-01   5.1080479999999995e-01   1.0920480000000000e-01
   1.9626550000000001e-01   0.0000000000000000e+00   9.9999070000000001e-01   5.1136250000000005e-01   1.1177690000000000e-01
   2.0131620000000000e-01   0.0000000000000000e+00   9.9998969999999998e-01   5.1193319999999998e-01   1.1433270000000000e-01
   2.0636699999999999e-01   0.0000000000000000e+00   9.9998849999999995e-01   5.1251679999999999e-01   1.1687210000000001e-01
   2.1141769999999999e-01   0.0000000000000000e+00   9.9998719999999996e-01   5.1311320000000005e-01   1.1939490000000000e-01
   2.1646850000000001e-01   0.0000000000000000e+00   9.9998569999999998e-01   5.1372220000000002e-01   1.2190090000000001e-01
   2.2151930000000000e-01   0.0000000000000000e+00   9.9998410000000004e-01   5.1434389999999997e-01   1.2438990000000000e-01
   2.2656999999999999e-01   0.0000000000000000e+00   9.9998229999999999e-01   5.1497809999999999e-01   1.2686180000000000e-01
   2.3162079999999999e-01   0.0000000000000000e+00   9.9998039999999999e-01   5.1562470000000005e-01   1.2931640000000000e-01
   2.3667160000000001e-01   0.0000000000000000e+00   9.9997820000000004e-01   5.1628370000000001e-01   1.3175339999999999e-01
   2.4172230000000000e-01   0.0000000000000000e+00   9.9997579999999997e-01   5.1695489999999999e-01   1.3417270000000001e-01
   2.4677310000000000e-01   0.0000000000000000e+00   9.9997309999999995e-01   5.1763840000000005e-01   1.3657400000000000e-01
   2.5182389999999999e-01   0.0000000000000000e+00   9.9997020000000003e-01   5.1833390000000001e-01   1.3895710000000000e-01
   2.5687460000000001e-01   0.0000000000000000e+00   9.9996689999999999e-01   5.1904139999999999e-01   1.4132169999999999e-01
   2.6192539999999997e-01   0.0000000000000000e+00   9.9996330000000000e-01   5.1976080000000002e-01   1.4366760000000001e-01
   2.6697609999999999e-01   0.0000000000000000e+00   9.9995930000000000e-01   5.2049199999999995e-01   1.4599450000000000e-01
   2.7202690000000002e-01   0.0000000000000000e+00   9.9995489999999998e-01   5.2123489999999995e-01   1.4830220000000000e-01
   2.7707769999999998e-01   0.0000000000000000e+00   9.9995009999999995e-01   5.2198940000000005e-01   1.5059040000000001e-01
   2.8212840000000000e-01   0.0000000000000000e+00   9.9994470000000002e-01   5.2275539999999998e-01   1.5285889999999999e-01
   2.8717920000000002e-01   0.0000000000000000e+00   9.9993880000000002e-01   5.2353280000000002e-01   1.5510720000000000e-01
   2.9222999999999999e-01   0.0000000000000000e+00   9.9993230000000000e-01   5.2432150000000000e-01   1.5733520000000001e-01
   2.9728070000000001e-01   0.0000000000000000e+00   9.9992519999999996e-01   5.2512150000000002e-01   1.5954250000000000e-01
   3.0233149999999998e-01   0.0000000000000000e+00   9.9991730000000001e-01   5.2593250000000002e-01   1.6172890000000001e-01
   3.0738219999999999e-01   0.0000000000000000e+00   9.9990869999999998e-01   5.2675450000000001e-01   1.6389400000000001e-01
   3.1243300000000002e-01   0.0000000000000000e+00   9.9989919999999999e-01   5.2758740000000004e-01   1.6603750000000000e-01
   3.1748379999999998e-01   0.0000000000000000e+00   9.9988880000000002e-01   5.2843099999999998e-01   1.6815910000000001e-01
   3.2253450000000000e-01   0.0000000000000000e+00   9.9987740000000003e-01   5.2928540000000002e-01   1.7025840000000000e-01
   3.2758530000000002e-01   0.0000000000000000e+00   9.9986500000000000e-01   5.3015020000000002e-01   1.7233530000000000e-01
   3.3263609999999999e-01   0.0000000000000000e+00   9.9985139999999995e-01   5.3102550000000004e-01   1.7438919999999999e-01
   3.3768680000000001e-01   0.0000000000000000e+00   9.9983650000000002e-01   5.3191109999999997e-01   1.7641999999999999e-01
   3.4273759999999998e-01   0.0000000000000000e+00   9.9982030000000000e-01   5.3280700000000003e-01   1.7842730000000001e-01
   3.4778829999999999e-01   0.0000000000000000e+00   9.9980259999999999e-01   5.3371290000000005e-01   1.8041070000000001e-01
   3.5283910000000002e-01   0.0000000000000000e+00   9.9978330000000004e-01   5.3462869999999996e-01   1.8237000000000000e-01
   3.5788989999999998e-01   0.0000000000000000e+00   9.9976229999999999e-01   5.3555439999999999e-01   1.8430469999999999e-01
   3.6294060000000000e-01   0.0000000000000000e+00   9.9973950000000000e-01   5.3648980000000002e-01   1.8621470000000001e-01
   3.6799140000000002e-01   0.0000000000000000e+00   9.9971480000000001e-01   5.3743470000000004e-01   1.8809950000000000e-01
   3.7304219999999999e-01   0.0000000000000000e+00   9.9968800000000002e-01   5.3838920000000001e-01   1.8995880000000001e-01
   3.7809290000000001e-01   0.0000000000000000e+00   9.9965890000000002e-01   5.3935290000000002e-01   1.9179240000000000e-01
   3.8314369999999998e-01   0.0000000000000000e+00   9.9962740000000005e-01   5.4032590000000003e-01   1.9359979999999999e-01
   3.8819440000000000e-01   0.0000000000000000e+00   9.9959339999999997e-01   5.4130789999999995e-01   1.9538090000000000e-01
   3.9324520000000002e-01   0.0000000000000000e+00   9.9955660000000002e-01   5.4229879999999997e-01   1.9713530000000001e-01
   3.9829599999999998e-01   0.0000000000000000e+00   9.9951690000000004e-01   5.4329850000000002e-01   1.9886270000000000e-01
   4.0334670000000000e-01   0.0000000000000000e+00   9.9947399999999997e-01   5.4430690000000004e-01   2.0056280000000001e-01
   4.0839750000000002e-01   0.0000000000000000e+00   9.9942790000000004e-01   5.4532380000000003e-01   2.0223530000000001e-01
   4.1344829999999999e-01   0.0000000000000000e+00   9.9937830000000005e-01   5.4634910000000003e-01   2.0388000000000001e-01
   4.1849900000000001e-01   0.0000000000000000e+00   9.9932489999999996e-01   5.4738260000000005e-01   2.0549660000000000e-01
   4.2354979999999998e-01   0.0000000000000000e+00   9.9926749999999998e-01   5.4842420000000003e-01   2.0708480000000001e-01
   4.2860050000000000e-01   0.0000000000000000e+00   9.9920600000000004e-01   5.4947380000000001e-01   2.0864450000000001e-01
   4.3365130000000002e-01   0.0000000000000000e+00   9.9914000000000003e-01   5.5053110000000005e-01   2.1017530000000001e-01
   4.3870209999999998e-01   0.0000000000000000e+00   9.9906919999999999e-01   5.5159610000000003e-01   2.1167710000000001e-01
   4.4375280000000000e-01   0.0000000000000000e+00   9.9899360000000004e-01   5.5266870000000001e-01   2.1314959999999999e-01
   4.4880360000000002e-01   0.0000000000000000e+00   9.9891260000000004e-01   5.5374860000000004e-01   2.1459259999999999e-01
   4.5385439999999999e-01   0.0000000000000000e+00   9.9882610000000005e-01   5.5483570000000004e-01   2.1600600000000000e-01
   4.5890510000000001e-01   0.0000000000000000e+00   9.9873380000000000e-01   5.5592980000000003e-01   2.1738969999999999e-01
   4.6395589999999998e-01   0.0000000000000000e+00   9.9863539999999995e-01   5.5703090000000000e-01   2.1874330000000000e-01
   4.6900660000000000e-01   0.0000000000000000e+00   9.9853049999999999e-01   5.5813869999999999e-01   2.2006690000000001e-01
   4.7405740000000002e-01   0.0000000000000000e+00   9.9841880000000005e-01   5.5925320000000001e-01   2.2136030000000001e-01
   4.7910819999999998e-01   0.0000000000000000e+00   9.9829999999999997e-01   5.6037409999999999e-01   2.2262340000000000e-01
   4.8415890000000000e-01   0.0000000000000000e+00   9.9817370000000005e-01   5.6150129999999998e-01   2.2385610000000000e-01
   4.8920970000000003e-01   0.0000000000000000e+00   9.9803969999999997e-01   5.6263459999999998e-01   2.2505839999999999e-01
   4.9426049999999999e-01   0.0000000000000000e+00   9.9789740000000005e-01   5.6377400000000000e-01   2.2623009999999999e-01
   4.9931120000000001e-01   0.0000000000000000e+00   9.9774660000000004e-01   5.6491919999999995e-01   2.2737130000000000e-01
   5.0436199999999998e-01   0.0000000000000000e+00   9.9758690000000005e-01   5.6606999999999996e-01   2.2848199999999999e-01
   5.0941270000000005e-01   0.0000000000000000e+00   9.9741780000000002e-01   5.6722640000000002e-01   2.2956219999999999e-01
   5.1446349999999996e-01   0.0000000000000000e+00   9.9723910000000004e-01   5.6838820000000001e-01   2.3061180000000001e-01
   5.1951429999999998e-01   0.0000000000000000e+00   9.9705020000000000e-01   5.6955520000000004e-01   2.3163100000000000e-01
   5.2456499999999995e-01   0.0000000000000000e+00   9.9685080000000004e-01   5.7072730000000005e-01   2.3261979999999999e-01
   5.2961579999999997e-01   0.0000000000000000e+00   9.9664050000000004e-01   5.7190430000000003e-01   2.3357829999999999e-01
   5.3466659999999999e-01   0.0000000000000000e+00   9.9641890000000000e-01   5.7308610000000004e-01   2.3450670000000001e-01
   5.3971729999999996e-01   0.0000000000000000e+00   9.9618549999999995e-01   5.7427249999999996e-01   2.3540500000000000e-01
   5.4476809999999998e-01   0.0000000000000000e+00   9.9594000000000005e-01   5.7546330000000001e-01   2.3627329999999999e-01
   5.4981890000000000e-01   0.0000000000000000e+00   9.9568179999999995e-01   5.7665840000000002e-01   2.3711199999999999e-01
   5.5486959999999996e-01   0.0000000000000000e+00   9.9541069999999998e-01   5.7785779999999998e-01   2.3792099999999999e-01
   5.5992039999999998e-01   0.0000000000000000e+00   9.9512599999999996e-01   5.7906110000000000e-01   2.3870079999999999e-01
   5.6497109999999995e-01   0.0000000000000000e+00   9.9482749999999998e-01   5.8026829999999996e-01   2.3945140000000001e-01
   5.7002189999999997e-01   0.0000000000000000e+00   9.9451480000000003e-01   5.8147919999999997e-01   2.4017310000000000e-01
   5.7507269999999999e-01   0.0000000000000000e+00   9.9418730000000000e-01   5.8269369999999998e-01   2.4086620000000000e-01
   5.8012339999999996e-01   0.0000000000000000e+00   9.9384459999999997e-01   5.8391159999999998e-01   2.4153100000000000e-01
   5.8517419999999998e-01   0.0000000000000000e+00   9.9348650000000005e-01   5.8513280000000001e-01   2.4216770000000001e-01
   5.9022500000000000e-01   0.0000000000000000e+00   9.9311240000000001e-01   5.8635709999999996e-01   2.4277670000000001e-01
   5.9527569999999996e-01   0.0000000000000000e+00   9.9272199999999999e-01   5.8758449999999995e-01   2.4335830000000000e-01
   6.0032649999999999e-01   0.0000000000000000e+00   9.9231480000000005e-01   5.8881470000000002e-01   2.4391289999999999e-01
   6.0537719999999995e-01   0.0000000000000000e+00   9.9189059999999996e-01   5.9004760000000001e-01   2.4444080000000001e-01
   6.1042799999999997e-01   0.0000000000000000e+00   9.9144889999999997e-01   5.9128320000000001e-01   2.4494230000000000e-01
   6.1547879999999999e-01   0.0000000000000000e+00   9.9098929999999996e-01   5.9252119999999997e-01   2.4541789999999999e-01
   6.2052949999999996e-01   0.0000000000000000e+00   9.9050939999999998e-01   5.9375999999999995e-01   2.4588030000000000e-01
   6.2558029999999998e-01   0.0000000000000000e+00   9.9001709999999998e-01   5.9500260000000005e-01   2.4630520000000000e-01
   6.3063110000000000e-01   0.0000000000000000e+00   9.8950320000000003e-01   5.9624739999999998e-01   2.4670539999999999e-01
   6.3568179999999996e-01   0.0000000000000000e+00   9.8896949999999995e-01   5.9749410000000003e-01   2.4708130000000000e-01
   6.4073259999999999e-01   0.0000000000000000e+00   9.8841630000000003e-01   5.9874260000000001e-01   2.4743329999999999e-01
   6.4578329999999995e-01   0.0000000000000000e+00   9.8784340000000004e-01   5.9999279999999999e-01   2.4776200000000001e-01
   6.5083409999999997e-01   0.0000000000000000e+00   9.8725059999999998e-01   6.0124469999999997e-01   2.4806760000000000e-01
   6.5588489999999999e-01   0.0000000000000000e+00   9.8663780000000001e-01   6.0249799999999998e-01   2.4835080000000001e-01
   6.6093559999999996e-01   0.0000000000000000e+00   9.8600469999999996e-01   6.0375270000000003e-01   2.4861190000000000e-01
   6.6598639999999998e-01   0.0000000000000000e+00   9.8535110000000004e-01   6.0500869999999995e-01   2.4885140000000000e-01
   6.7103720000000000e-01   0.0000000000000000e+00   9.8467689999999997e-01   6.0626579999999997e-01   2.4906980000000001e-01
   6.7608789999999996e-01   0.0000000000000000e+00   9.8398189999999996e-01   6.0752399999999995e-01   2.4926760000000001e-01
   6.8113869999999999e-01   0.0000000000000000e+00   9.8326610000000003e-01   6.0878319999999997e-01   2.4944520000000001e-01
   6.8618939999999995e-01   0.0000000000000000e+00   9.8252940000000000e-01   6.1004320000000001e-01   2.4960320000000000e-01
   6.9124019999999997e-01   0.0000000000000000e+00   9.8177159999999997e-01   6.1130390000000001e-01   2.4974189999999999e-01
   6.9629099999999999e-01   0.0000000000000000e+00   9.8099280000000000e-01   6.1256529999999998e-01   2.4986200000000000e-01
   7.0134169999999996e-01   0.0000000000000000e+00   9.8019290000000003e-01   6.1382729999999996e-01   2.4996380000000001e-01
   7.0639249999999998e-01   0.0000000000000000e+00   9.7937200000000002e-01   6.1508969999999996e-01   2.5004779999999999e-01
   7.1144330000000000e-01   0.0000000000000000e+00   9.7853009999999996e-01   6.1635249999999997e-01   2.5011460000000002e-01
   7.1649399999999996e-01   0.0000000000000000e+00   9.7766719999999996e-01   6.1761560000000004e-01   2.5016450000000001e-01
   7.2154479999999999e-01   0.0000000000000000e+00   9.7678339999999997e-01   6.1887899999999996e-01   2.5019809999999998e-01
   7.2659549999999995e-01   0.0000000000000000e+00   9.7587880000000005e-01   6.2014239999999998e-01   2.5021579999999999e-01
   7.3164629999999997e-01   0.0000000000000000e+00   9.7495359999999998e-01   6.2140589999999996e-01   2.5021810000000000e-01
   7.3669709999999999e-01   0.0000000000000000e+00   9.7400779999999998e-01   6.2266940000000004e-01   2.5020540000000002e-01
   7.4174779999999996e-01   0.0000000000000000e+00   9.7304170000000001e-01   6.2393279999999995e-01   2.5017830000000002e-01
   7.4679859999999998e-01   0.0000000000000000e+00   9.7205549999999996e-01   6.2519599999999997e-01   2.5013710000000000e-01
   7.5184940000000000e-01   0.0000000000000000e+00   9.7104919999999995e-01   6.2645899999999999e-01   2.5008219999999998e-01
   7.5690009999999996e-01   0.0000000000000000e+00   9.7002330000000003e-01   6.2772170000000005e-01   2.5001420000000002e-01
   7.6195089999999999e-01   0.0000000000000000e+00   9.6897789999999995e-01   6.2898399999999999e-01   2.4993350000000000e-01
   7.6700159999999995e-01   0.0000000000000000e+00   9.6791320000000003e-01   6.3024579999999997e-01   2.4984039999999999e-01
   7.7205239999999997e-01   0.0000000000000000e+00   9.6682959999999996e-01   6.3150720000000005e-01   2.4973550000000000e-01
   7.7710319999999999e-01   0.0000000000000000e+00   9.6572740000000001e-01   6.3276800000000000e-01   2.4961900000000001e-01
   7.8215389999999996e-01   0.0000000000000000e+00   9.6460690000000004e-01   6.3402820000000004e-01   2.4949150000000000e-01
   7.8720469999999998e-01   0.0000000000000000e+00   9.6346830000000006e-01   6.3528770000000001e-01   2.4935330000000000e-01
   7.9225550000000000e-01   0.0000000000000000e+00   9.6231210000000000e-01   6.3654650000000002e-01   2.4920490000000001e-01
   7.9730619999999996e-01   0.0000000000000000e+00   9.6113859999999995e-01   6.3780450000000000e-01   2.4904650000000000e-01
   8.0235699999999999e-01   0.0000000000000000e+00   9.5994820000000003e-01   6.3906169999999995e-01   2.4887860000000001e-01
   8.0740769999999995e-01   0.0000000000000000e+00   9.5874119999999996e-01   6.4031810000000000e-01   2.4870159999999999e-01
   8.1245849999999997e-01   0.0000000000000000e+00   9.5751799999999998e-01   6.4157350000000002e-01   2.4851580000000001e-01
   8.1750929999999999e-01   0.0000000000000000e+00   9.5627899999999999e-01   6.4282790000000001e-01   2.4832160000000000e-01
   8.2255999999999996e-01   0.0000000000000000e+00   9.5502460000000000e-01   6.4408140000000003e-01   2.4811929999999999e-01
   8.2761079999999998e-01   0.0000000000000000e+00   9.5375520000000003e-01   6.4533379999999996e-01   2.4790930000000000e-01
   8.3266160000000000e-01   0.0000000000000000e+00   9.5247130000000002e-01   6.4658519999999997e-01   2.4769189999999999e-01
   8.3771229999999997e-01   0.0000000000000000e+00   9.5117320000000005e-01   6.4783539999999995e-01   2.4746750000000001e-01
   8.4276309999999999e-01   0.0000000000000000e+00   9.4986139999999997e-01   6.4908449999999995e-01   2.4723629999999999e-01
   8.4781390000000001e-01   0.0000000000000000e+00   9.4853630000000000e-01   6.5033240000000003e-01   2.4699869999999999e-01
   8.5286459999999997e-01   0.0000000000000000e+00   9.4719830000000005e-01   6.5157909999999997e-01   2.4675500000000000e-01
   8.5791539999999999e-01   0.0000000000000000e+00   9.4584789999999996e-01   6.5282450000000003e-01   2.4650540000000001e-01
   8.6296609999999996e-01   0.0000000000000000e+00   9.4448549999999998e-01   6.5406869999999995e-01   2.4625040000000001e-01
   8.6801689999999998e-01   0.0000000000000000e+00   9.4311149999999999e-01   6.5531150000000005e-01   2.4599019999999999e-01
   8.7306770000000000e-01   0.0000000000000000e+00   9.4172639999999996e-01   6.5655310000000000e-01   2.4572500000000000e-01
   8.7811839999999997e-01   0.0000000000000000e+00   9.4033060000000002e-01   6.5779330000000003e-01   2.4545510000000001e-01
   8.8316919999999999e-01   0.0000000000000000e+00   9.3892450000000005e-01   6.5903210000000001e-01   2.4518080000000000e-01
   8.8822000000000001e-01   0.0000000000000000e+00   9.3750849999999997e-01   6.6026949999999995e-01   2.4490239999999999e-01
   8.9327069999999997e-01   0.0000000000000000e+00   9.3608320000000000e-01   6.6150549999999997e-01   2.4462020000000001e-01
   8.9832150000000000e-01   0.0000000000000000e+00   9.3464879999999995e-01   6.6274010000000005e-01   2.4433430000000000e-01
   9.0337219999999996e-01   0.0000000000000000e+00   9.3320590000000003e-01   6.6397320000000004e-01   2.4404500000000001e-01
   9.0842299999999998e-01   0.0000000000000000e+00   9.3175479999999999e-01   6.6520489999999999e-01   2.4375260000000001e-01
   9.1347380000000000e-01   0.0000000000000000e+00   9.3029589999999995e-01   6.6643509999999995e-01   2.4345729999999999e-01
   9.1852449999999997e-01   0.0000000000000000e+00   9.2882969999999998e-01   6.6766380000000003e-01   2.4315929999999999e-01
   9.2357529999999999e-01   0.0000000000000000e+00   9.2735659999999998e-01   6.6889089999999995e-01   2.4285880000000001e-01
   9.2862610000000001e-01   0.0000000000000000e+00   9.2587699999999995e-01   6.7011659999999995e-01   2.4255610000000000e-01
   9.3367679999999997e-01   0.0000000000000000e+00   9.2440750000000005e-01   6.7134099999999997e-01   2.4226770000000000e-01
   9.3872760000000000e-01   0.0000000000000000e+00   9.2291959999999995e-01   6.7256369999999999e-01   2.4196090000000001e-01
   9.4377829999999996e-01   0.0000000000000000e+00   9.2142369999999996e-01   6.7378479999999996e-01   2.4165239999999999e-01
   9.4882909999999998e-01   0.0000000000000000e+00   9.1992220000000002e-01   6.7500430000000000e-01   2.4134240000000001e-01
   9.5387990000000000e-01   0.0000000000000000e+00   9.1841580000000000e-01   6.7622230000000005e-01   2.4103120000000000e-01
   9.5893059999999997e-01   0.0000000000000000e+00   9.1690499999999997e-01   6.7743869999999995e-01   2.4071899999999999e-01
   9.6398139999999999e-01   0.0000000000000000e+00   9.1539029999999999e-01   6.7865350000000002e-01   2.4040590000000001e-01
   9.6903220000000001e-01   0.0000000000000000e+00   9.1387200000000002e-01   6.7986670000000005e-01   2.4009210000000000e-01
   9.7408289999999997e-01   0.0000000000000000e+00   9.1235049999999995e-01   6.8107839999999997e-01   2.3977770000000001e-01
   9.7913370000000000e-01   0.0000000000000000e+00   9.1082600000000002e-01   6.8228840000000002e-01   2.3946300000000001e-01
   9.8418439999999996e-01   0.0000000000000000e+00   9.0929899999999997e-01   6.8349689999999996e-01   2.3914820000000001e-01
   9.8923519999999998e-01   0.0000000000000000e+00   9.0776959999999995e-01   6.8470379999999997e-01   2.3883320000000000e-01
   9.9428600000000000e-01   0.0000000000000000e+00   9.0623830000000005e-01   6.8590910000000005e-01   2.3851839999999999e-01
   9.9933669999999997e-01   0.0000000000000000e+00   9.0470530000000005e-01   6.8711279999999997e-01   2.3820390000000000e-01
   1.0043869999999999e+00   0.0000000000000000e+00   9.0317099999999995e-01   6.8831489999999995e-01   2.3788970000000001e-01
   1.0094380000000001e+00   0.0000000000000000e+00   9.0163550000000003e-01   6.8951540000000000e-01   2.3757619999999999e-01
   1.0144890000000000e+00   0.0000000000000000e+00   9.0009930000000005e-01   6.9071439999999995e-01   2.3726330000000001e-01
   1.0195399999999999e+00   0.0000000000000000e+00   8.9856259999999999e-01   6.9191170000000002e-01   2.3695130000000000e-01
   1.0245910000000000e+00   0.0000000000000000e+00   8.9702559999999998e-01   6.9310749999999999e-01   2.3664030000000000e-01
   1.0296410000000000e+00   0.0000000000000000e+00   8.9548859999999997e-01   6.9430179999999997e-01   2.3633029999999999e-01
   1.0346919999999999e+00   0.0000000000000000e+00   8.9395190000000002e-01   6.9549439999999996e-01   2.3602160000000000e-01
   1.0397430000000001e+00   0.0000000000000000e+00   8.9241559999999998e-01   6.9668549999999996e-01   2.3571420000000001e-01
   1.0447940000000000e+00   0.0000000000000000e+00   8.9088009999999995e-01   6.9787509999999997e-01   2.3540829999999999e-01
   1.0498440000000000e+00   0.0000000000000000e+00   8.8934559999999996e-01   6.9906310000000005e-01   2.3510390000000000e-01
   1.0548949999999999e+00   0.0000000000000000e+00   8.8781230000000000e-01   7.0024960000000003e-01   2.3480129999999999e-01
   1.0599460000000001e+00   0.0000000000000000e+00   8.8628050000000003e-01   7.0143460000000002e-01   2.3450040000000000e-01
   1.0649970000000000e+00   0.0000000000000000e+00   8.8475020000000004e-01   7.0261799999999996e-01   2.3420150000000001e-01
   1.0700470000000000e+00   0.0000000000000000e+00   8.8322179999999995e-01   7.0379999999999998e-01   2.3390449999999999e-01
   1.0750980000000001e+00   0.0000000000000000e+00   8.8169540000000002e-01   7.0498039999999995e-01   2.3360970000000000e-01
   1.0801490000000000e+00   0.0000000000000000e+00   8.8017129999999999e-01   7.0615939999999999e-01   2.3331710000000000e-01
   1.0851999999999999e+00   0.0000000000000000e+00   8.7864960000000003e-01   7.0733690000000005e-01   2.3302680000000001e-01
   1.0902499999999999e+00   0.0000000000000000e+00   8.7713050000000004e-01   7.0851290000000000e-01   2.3273890000000000e-01
   1.0953010000000001e+00   0.0000000000000000e+00   8.7561409999999995e-01   7.0968750000000003e-01   2.3245350000000001e-01
   1.1003520000000000e+00   0.0000000000000000e+00   8.7410069999999995e-01   7.1086070000000001e-01   2.3217060000000000e-01
   1.1054029999999999e+00   0.0000000000000000e+00   8.7259039999999999e-01   7.1203240000000001e-01   2.3189040000000000e-01
   1.1104540000000001e+00   0.0000000000000000e+00   8.7108339999999995e-01   7.1320280000000003e-01   2.3161290000000001e-01
   1.1155040000000001e+00   0.0000000000000000e+00   8.6957980000000001e-01   7.1437170000000005e-01   2.3133830000000000e-01
   1.1205550000000000e+00   0.0000000000000000e+00   8.6807979999999996e-01   7.1553920000000004e-01   2.3106650000000001e-01
   1.1256060000000001e+00   0.0000000000000000e+00   8.6658340000000000e-01   7.1670540000000005e-01   2.3079769999999999e-01
   1.1306570000000000e+00   0.0000000000000000e+00   8.6509090000000000e-01   7.1787029999999996e-01   2.3053199999999999e-01
   1.1357070000000000e+00   0.0000000000000000e+00   8.6360239999999999e-01   7.1903379999999995e-01   2.3026940000000001e-01
   1.1407579999999999e+00   0.0000000000000000e+00   8.6211789999999999e-01   7.2019590000000000e-01   2.3000989999999999e-01
   1.1458090000000001e+00   0.0000000000000000e+00   8.6063769999999995e-01   7.2135680000000002e-01   2.2975370000000001e-01
   1.1508600000000000e+00   0.0000000000000000e+00   8.5916179999999998e-01   7.2251639999999995e-01   2.2950080000000000e-01
   1.1559100000000000e+00   0.0000000000000000e+00   8.5769030000000002e-01   7.2367470000000000e-01   2.2925129999999999e-01
   1.1609609999999999e+00   0.0000000000000000e+00   8.5622339999999997e-01   7.2483180000000003e-01   2.2900519999999999e-01
   1.1660120000000000e+00   0.0000000000000000e+00   8.5476120000000000e-01   7.2598759999999996e-01   2.2876260000000001e-01
   1.1710630000000000e+00   0.0000000000000000e+00   8.5330360000000005e-01   7.2714230000000002e-01   2.2852349999999999e-01
   1.1761130000000000e+00   0.0000000000000000e+00   8.5185100000000002e-01   7.2829569999999999e-01   2.2828799999999999e-01
   1.1811640000000001e+00   0.0000000000000000e+00   8.5042530000000005e-01   7.2944980000000004e-01   2.2807250000000001e-01
   1.1862150000000000e+00   0.0000000000000000e+00   8.4899029999999998e-01   7.3060099999999994e-01   2.2784389999999999e-01
   1.1912659999999999e+00   0.0000000000000000e+00   8.4755469999999999e-01   7.3175100000000004e-01   2.2761909999999999e-01
   1.1963159999999999e+00   0.0000000000000000e+00   8.4612290000000001e-01   7.3289990000000005e-01   2.2739809999999999e-01
   1.2013670000000001e+00   0.0000000000000000e+00   8.4469590000000006e-01   7.3404769999999997e-01   2.2718089999999999e-01
   1.2064180000000000e+00   0.0000000000000000e+00   8.4327410000000003e-01   7.3519429999999997e-01   2.2696759999999999e-01
   1.2114689999999999e+00   0.0000000000000000e+00   8.4185759999999998e-01   7.3633999999999999e-01   2.2675819999999999e-01
   1.2165200000000000e+00   0.0000000000000000e+00   8.4044660000000004e-01   7.3748460000000005e-01   2.2655280000000000e-01
   1.2215700000000000e+00   0.0000000000000000e+00   8.3904109999999998e-01   7.3862810000000001e-01   2.2635150000000001e-01
   1.2266210000000000e+00   0.0000000000000000e+00   8.3764110000000003e-01   7.3977070000000000e-01   2.2615420000000000e-01
   1.2316720000000001e+00   0.0000000000000000e+00   8.3624670000000001e-01   7.4091220000000002e-01   2.2596089999999999e-01
   1.2367230000000000e+00   0.0000000000000000e+00   8.3485799999999999e-01   7.4205279999999996e-01   2.2577179999999999e-01
   1.2417730000000000e+00   0.0000000000000000e+00   8.3347490000000002e-01   7.4319250000000003e-01   2.2558690000000001e-01
   1.2468239999999999e+00   0.0000000000000000e+00   8.3209770000000005e-01   7.4433119999999997e-01   2.2540610000000000e-01
   1.2518750000000001e+00   0.0000000000000000e+00   8.3072619999999997e-01   7.4546900000000005e-01   2.2522960000000000e-01
   1.2569260000000000e+00   0.0000000000000000e+00   8.2936060000000000e-01   7.4660599999999999e-01   2.2505729999999999e-01
   1.2619760000000000e+00   0.0000000000000000e+00   8.2800079999999998e-01   7.4774200000000002e-01   2.2488920000000001e-01
   1.2670269999999999e+00   0.0000000000000000e+00   8.2664700000000002e-01   7.4887729999999997e-01   2.2472549999999999e-01
   1.2720780000000000e+00   0.0000000000000000e+00   8.2529909999999995e-01   7.5001169999999995e-01   2.2456609999999999e-01
   1.2771290000000000e+00   0.0000000000000000e+00   8.2395710000000000e-01   7.5114530000000002e-01   2.2441100000000000e-01
   1.2821790000000000e+00   0.0000000000000000e+00   8.2262120000000005e-01   7.5227820000000001e-01   2.2426030000000000e-01
   1.2872300000000001e+00   0.0000000000000000e+00   8.2129129999999995e-01   7.5341029999999998e-01   2.2411400000000001e-01
   1.2922810000000000e+00   0.0000000000000000e+00   8.1996749999999996e-01   7.5454169999999998e-01   2.2397210000000001e-01
   1.2973319999999999e+00   0.0000000000000000e+00   8.1864979999999998e-01   7.5567240000000002e-01   2.2383459999999999e-01
   1.3023819999999999e+00   0.0000000000000000e+00   8.1733820000000001e-01   7.5680239999999999e-01   2.2370150000000000e-01
   1.3074330000000001e+00   0.0000000000000000e+00   8.1603260000000000e-01   7.5793169999999999e-01   2.2357289999999999e-01
   1.3124840000000000e+00   0.0000000000000000e+00   8.1473329999999999e-01   7.5906039999999997e-01   2.2344880000000000e-01
   1.3175349999999999e+00   0.0000000000000000e+00   8.1344010000000000e-01   7.6018850000000004e-01   2.2332910000000000e-01
   1.3225860000000000e+00   0.0000000000000000e+00   8.1215300000000001e-01   7.6131590000000005e-01   2.2321389999999999e-01
   1.3276360000000000e+00   0.0000000000000000e+00   8.1087209999999998e-01   7.6244290000000003e-01   2.2310330000000000e-01
   1.3326870000000000e+00   0.0000000000000000e+00   8.0959749999999997e-01   7.6356919999999995e-01   2.2299710000000000e-01
   1.3377380000000001e+00   0.0000000000000000e+00   8.0832899999999996e-01   7.6469509999999996e-01   2.2289550000000000e-01
   1.3427890000000000e+00   0.0000000000000000e+00   8.0706670000000003e-01   7.6582039999999996e-01   2.2279840000000001e-01
   1.3478390000000000e+00   0.0000000000000000e+00   8.0581060000000004e-01   7.6694530000000005e-01   2.2270580000000001e-01
   1.3528899999999999e+00   0.0000000000000000e+00   8.0456079999999996e-01   7.6806969999999997e-01   2.2261780000000000e-01
   1.3579410000000001e+00   0.0000000000000000e+00   8.0331719999999995e-01   7.6919360000000003e-01   2.2253429999999999e-01
   1.3629920000000000e+00   0.0000000000000000e+00   8.0207980000000001e-01   7.7031720000000004e-01   2.2245540000000000e-01
   1.3680420000000000e+00   0.0000000000000000e+00   8.0084860000000002e-01   7.7144029999999997e-01   2.2238100000000000e-01
   1.3730929999999999e+00   0.0000000000000000e+00   7.9962359999999999e-01   7.7256309999999995e-01   2.2231110000000001e-01
   1.3781440000000000e+00   0.0000000000000000e+00   7.9843330000000001e-01   7.7368890000000001e-01   2.2226190000000001e-01
   1.3831950000000000e+00   0.0000000000000000e+00   7.9722959999999998e-01   7.7481109999999997e-01   2.2220029999999999e-01
   1.3882450000000000e+00   0.0000000000000000e+00   7.9602580000000001e-01   7.7593299999999998e-01   2.2214339999999999e-01
   1.3932960000000001e+00   0.0000000000000000e+00   7.9482649999999999e-01   7.7705469999999999e-01   2.2209100000000001e-01
   1.3983470000000000e+00   0.0000000000000000e+00   7.9363280000000003e-01   7.7817610000000004e-01   2.2204320000000000e-01
   1.4033979999999999e+00   0.0000000000000000e+00   7.9244519999999996e-01   7.7929720000000002e-01   2.2200000000000000e-01
   1.4084490000000001e+00   0.0000000000000000e+00   7.9126370000000001e-01   7.8041819999999995e-01   2.2196130000000000e-01
   1.4134990000000001e+00   0.0000000000000000e+00   7.9008840000000002e-01   7.8153890000000004e-01   2.2192709999999999e-01
   1.4185500000000000e+00   0.0000000000000000e+00   7.8891909999999998e-01   7.8265949999999995e-01   2.2189750000000000e-01
   1.4236009999999999e+00   0.0000000000000000e+00   7.8775600000000001e-01   7.8378000000000003e-01   2.2187240000000000e-01
   1.4286520000000000e+00   0.0000000000000000e+00   7.8659900000000005e-01   7.8490040000000005e-01   2.2185170000000001e-01
   1.4337020000000000e+00   0.0000000000000000e+00   7.8544809999999998e-01   7.8602059999999996e-01   2.2183559999999999e-01
   1.4387529999999999e+00   0.0000000000000000e+00   7.8430330000000004e-01   7.8714079999999997e-01   2.2182399999999999e-01
   1.4438040000000001e+00   0.0000000000000000e+00   7.8316459999999999e-01   7.8826099999999999e-01   2.2181680000000001e-01
   1.4488550000000000e+00   0.0000000000000000e+00   7.8203199999999995e-01   7.8938109999999995e-01   2.2181400000000001e-01
   1.4539050000000000e+00   0.0000000000000000e+00   7.8090539999999997e-01   7.9050120000000001e-01   2.2181570000000000e-01
   1.4589559999999999e+00   0.0000000000000000e+00   7.7978479999999994e-01   7.9162129999999997e-01   2.2182180000000001e-01
   1.4640070000000001e+00   0.0000000000000000e+00   7.7867030000000004e-01   7.9274149999999999e-01   2.2183230000000001e-01
   1.4690580000000000e+00   0.0000000000000000e+00   7.7756179999999997e-01   7.9386170000000000e-01   2.2184719999999999e-01
   1.4741080000000000e+00   0.0000000000000000e+00   7.7645929999999996e-01   7.9498199999999997e-01   2.2186649999999999e-01
   1.4791589999999999e+00   0.0000000000000000e+00   7.7536269999999996e-01   7.9610250000000005e-01   2.2189010000000001e-01
   1.4842100000000000e+00   0.0000000000000000e+00   7.7427210000000002e-01   7.9722300000000001e-01   2.2191800000000000e-01
   1.4892609999999999e+00   0.0000000000000000e+00   7.7318750000000003e-01   7.9834369999999999e-01   2.2195019999999999e-01
   1.4943109999999999e+00   0.0000000000000000e+00   7.7210880000000004e-01   7.9946459999999997e-01   2.2198660000000001e-01
   1.4993620000000001e+00   0.0000000000000000e+00   7.7103600000000005e-01   8.0058569999999996e-01   2.2202730000000001e-01
   1.5044130000000000e+00   0.0000000000000000e+00   7.6996909999999996e-01   8.0170699999999995e-01   2.2207230000000000e-01
   1.5094639999999999e+00   0.0000000000000000e+00   7.6890809999999998e-01   8.0282849999999994e-01   2.2212140000000000e-01
   1.5145150000000001e+00   0.0000000000000000e+00   7.6785289999999995e-01   8.0395030000000001e-01   2.2217470000000000e-01
   1.5195650000000001e+00   0.0000000000000000e+00   7.6680360000000003e-01   8.0507240000000002e-01   2.2223219999999999e-01
   1.5246160000000000e+00   0.0000000000000000e+00   7.6576000000000000e-01   8.0619470000000004e-01   2.2229380000000001e-01
   1.5296670000000001e+00   0.0000000000000000e+00   7.6472229999999997e-01   8.0731739999999996e-01   2.2235940000000001e-01
   1.5347180000000000e+00   0.0000000000000000e+00   7.6372340000000005e-01   8.0844459999999996e-01   2.2244330000000001e-01
   1.5397680000000000e+00   0.0000000000000000e+00   7.6271109999999998e-01   8.0956810000000001e-01   2.2251560000000001e-01
   1.5448189999999999e+00   0.0000000000000000e+00   7.6169480000000001e-01   8.1069190000000002e-01   2.2259219999999999e-01
   1.5498700000000001e+00   0.0000000000000000e+00   7.6068130000000000e-01   8.1181610000000004e-01   2.2267290000000001e-01
   1.5549210000000000e+00   0.0000000000000000e+00   7.5967260000000003e-01   8.1294080000000002e-01   2.2275760000000000e-01
   1.5599710000000000e+00   0.0000000000000000e+00   7.5866929999999999e-01   8.1406590000000001e-01   2.2284630000000000e-01
   1.5650219999999999e+00   0.0000000000000000e+00   7.5767150000000005e-01   8.1519140000000001e-01   2.2293890000000000e-01
   1.5700730000000001e+00   0.0000000000000000e+00   7.5667930000000005e-01   8.1631739999999997e-01   2.2303539999999999e-01
   1.5751240000000000e+00   0.0000000000000000e+00   7.5569249999999999e-01   8.1744390000000000e-01   2.2313569999999999e-01
   1.5801740000000000e+00   0.0000000000000000e+00   7.5471129999999997e-01   8.1857100000000005e-01   2.2323970000000001e-01
   1.5852250000000001e+00   0.0000000000000000e+00   7.5373559999999995e-01   8.1969850000000000e-01   2.2334760000000001e-01
   1.5902760000000000e+00   0.0000000000000000e+00   7.5276540000000003e-01   8.2082670000000002e-01   2.2345909999999999e-01
   1.5953269999999999e+00   0.0000000000000000e+00   7.5180069999999999e-01   8.2195530000000006e-01   2.2357420000000000e-01
   1.6003769999999999e+00   0.0000000000000000e+00   7.5084139999999999e-01   8.2308460000000006e-01   2.2369300000000000e-01
   1.6054280000000001e+00   0.0000000000000000e+00   7.4988750000000004e-01   8.2421449999999996e-01   2.2381540000000000e-01
   1.6104790000000000e+00   0.0000000000000000e+00   7.4893909999999997e-01   8.2534500000000000e-01   2.2394120000000001e-01
   1.6155299999999999e+00   0.0000000000000000e+00   7.4799599999999999e-01   8.2647619999999999e-01   2.2407050000000001e-01
   1.6205810000000000e+00   0.0000000000000000e+00   7.4705829999999995e-01   8.2760800000000001e-01   2.2420329999999999e-01
   1.6256310000000000e+00   0.0000000000000000e+00   7.4612590000000001e-01   8.2874049999999999e-01   2.2433939999999999e-01
   1.6306820000000000e+00   0.0000000000000000e+00   7.4519890000000000e-01   8.2987370000000005e-01   2.2447890000000001e-01
   1.6357330000000001e+00   0.0000000000000000e+00   7.4427710000000002e-01   8.3100759999999996e-01   2.2462160000000000e-01
   1.6407840000000000e+00   0.0000000000000000e+00   7.4336060000000004e-01   8.3214220000000005e-01   2.2476750000000001e-01
   1.6458340000000000e+00   0.0000000000000000e+00   7.4244940000000004e-01   8.3327759999999995e-01   2.2491659999999999e-01
   1.6508849999999999e+00   0.0000000000000000e+00   7.4154339999999996e-01   8.3441370000000004e-01   2.2506880000000001e-01
   1.6559360000000001e+00   0.0000000000000000e+00   7.4064249999999998e-01   8.3555060000000003e-01   2.2522410000000001e-01
   1.6609870000000000e+00   0.0000000000000000e+00   7.3980210000000002e-01   8.3669329999999997e-01   2.2539529999999999e-01
   1.6660370000000000e+00   0.0000000000000000e+00   7.3892270000000004e-01   8.3783189999999996e-01   2.2555459999999999e-01
   1.6710879999999999e+00   0.0000000000000000e+00   7.3804099999999995e-01   8.3897129999999998e-01   2.2571740000000001e-01
   1.6761390000000000e+00   0.0000000000000000e+00   7.3716199999999998e-01   8.4011150000000001e-01   2.2588320000000001e-01
   1.6811900000000000e+00   0.0000000000000000e+00   7.3628720000000003e-01   8.4125260000000002e-01   2.2605190000000000e-01
   1.6862400000000000e+00   0.0000000000000000e+00   7.3541710000000005e-01   8.4239450000000005e-01   2.2622349999999999e-01
   1.6912910000000001e+00   0.0000000000000000e+00   7.3455179999999998e-01   8.4353730000000005e-01   2.2639790000000001e-01
   1.6963420000000000e+00   0.0000000000000000e+00   7.3369139999999999e-01   8.4468089999999996e-01   2.2657490000000000e-01
   1.7013929999999999e+00   0.0000000000000000e+00   7.3283589999999998e-01   8.4582550000000001e-01   2.2675450000000000e-01
   1.7064440000000001e+00   0.0000000000000000e+00   7.3198529999999995e-01   8.4697100000000003e-01   2.2693669999999999e-01
   1.7114940000000001e+00   0.0000000000000000e+00   7.3113950000000005e-01   8.4811740000000002e-01   2.2712120000000000e-01
   1.7165450000000000e+00   0.0000000000000000e+00   7.3029860000000002e-01   8.4926480000000004e-01   2.2730819999999999e-01
   1.7215959999999999e+00   0.0000000000000000e+00   7.2946250000000001e-01   8.5041310000000003e-01   2.2749749999999999e-01
   1.7266470000000000e+00   0.0000000000000000e+00   7.2863120000000003e-01   8.5156229999999999e-01   2.2768900000000000e-01
   1.7316970000000000e+00   0.0000000000000000e+00   7.2780460000000002e-01   8.5271260000000004e-01   2.2788259999999999e-01
   1.7367480000000000e+00   0.0000000000000000e+00   7.2698280000000004e-01   8.5386379999999995e-01   2.2807839999999999e-01
   1.7417990000000001e+00   0.0000000000000000e+00   7.2616570000000003e-01   8.5501600000000000e-01   2.2827610000000001e-01
   1.7468500000000000e+00   0.0000000000000000e+00   7.2535329999999998e-01   8.5616919999999996e-01   2.2847580000000001e-01
   1.7519000000000000e+00   0.0000000000000000e+00   7.2454549999999995e-01   8.5732339999999996e-01   2.2867730000000000e-01
   1.7569509999999999e+00   0.0000000000000000e+00   7.2379859999999996e-01   8.5848400000000002e-01   2.2889399999999999e-01
   1.7620020000000001e+00   0.0000000000000000e+00   7.2302800000000000e-01   8.5964030000000002e-01   2.2909430000000000e-01
   1.7670530000000000e+00   0.0000000000000000e+00   7.2224390000000005e-01   8.6079770000000000e-01   2.2929840000000001e-01
   1.7721030000000000e+00   0.0000000000000000e+00   7.2145800000000004e-01   8.6195610000000000e-01   2.2950490000000001e-01
   1.7771539999999999e+00   0.0000000000000000e+00   7.2067409999999998e-01   8.6311550000000004e-01   2.2971320000000001e-01
   1.7822050000000000e+00   0.0000000000000000e+00   7.1989369999999997e-01   8.6427600000000004e-01   2.2992309999999999e-01
   1.7872560000000000e+00   0.0000000000000000e+00   7.1911729999999996e-01   8.6543760000000003e-01   2.3013439999999999e-01
   1.7923060000000000e+00   0.0000000000000000e+00   7.1834509999999996e-01   8.6660020000000004e-01   2.3034700000000000e-01
   1.7973570000000001e+00   0.0000000000000000e+00   7.1757700000000002e-01   8.6776390000000003e-01   2.3056080000000001e-01
   1.8024080000000000e+00   0.0000000000000000e+00   7.1681320000000004e-01   8.6892870000000000e-01   2.3077560000000000e-01
   1.8074589999999999e+00   0.0000000000000000e+00   7.1605370000000002e-01   8.7009460000000005e-01   2.3099130000000001e-01
   1.8125100000000001e+00   0.0000000000000000e+00   7.1529830000000005e-01   8.7126159999999997e-01   2.3120789999999999e-01
   1.8175600000000001e+00   0.0000000000000000e+00   7.1454700000000004e-01   8.7242960000000003e-01   2.3142509999999999e-01
   1.8226110000000000e+00   0.0000000000000000e+00   7.1379990000000004e-01   8.7359880000000001e-01   2.3164299999999999e-01
   1.8276619999999999e+00   0.0000000000000000e+00   7.1305669999999999e-01   8.7476900000000002e-01   2.3186140000000000e-01
   1.8327130000000000e+00   0.0000000000000000e+00   7.1231760000000000e-01   8.7594039999999995e-01   2.3208010000000001e-01
   1.8377630000000000e+00   0.0000000000000000e+00   7.1169000000000004e-01   8.7711859999999997e-01   2.3230390000000001e-01
   1.8428140000000000e+00   0.0000000000000000e+00   7.1097840000000001e-01   8.7829219999999997e-01   2.3251849999999999e-01
   1.8478650000000001e+00   0.0000000000000000e+00   7.1025879999999997e-01   8.7946690000000005e-01   2.3273540000000001e-01
   1.8529160000000000e+00   0.0000000000000000e+00   7.0953800000000000e-01   8.8064270000000000e-01   2.3295320000000000e-01
   1.8579660000000000e+00   0.0000000000000000e+00   7.0881859999999997e-01   8.8181949999999998e-01   2.3317130000000000e-01
   1.8630169999999999e+00   0.0000000000000000e+00   7.0810189999999995e-01   8.8299749999999999e-01   2.3338919999999999e-01
   1.8680680000000001e+00   0.0000000000000000e+00   7.0738820000000002e-01   8.8417659999999998e-01   2.3360670000000000e-01
   1.8731190000000000e+00   0.0000000000000000e+00   7.0667780000000002e-01   8.8535680000000005e-01   2.3382359999999999e-01
   1.8781690000000000e+00   0.0000000000000000e+00   7.0597049999999995e-01   8.8653810000000000e-01   2.3403959999999999e-01
   1.8832199999999999e+00   0.0000000000000000e+00   7.0526650000000002e-01   8.8772039999999997e-01   2.3425450000000000e-01
   1.8882710000000000e+00   0.0000000000000000e+00   7.0456560000000001e-01   8.8890389999999997e-01   2.3446819999999999e-01
   1.8933219999999999e+00   0.0000000000000000e+00   7.0386769999999999e-01   8.9008840000000000e-01   2.3468059999999999e-01
   1.8983719999999999e+00   0.0000000000000000e+00   7.0332090000000003e-01   8.9127970000000001e-01   2.3489070000000001e-01
   1.9034230000000001e+00   0.0000000000000000e+00   7.0265089999999997e-01   8.9246630000000005e-01   2.3509490000000000e-01
   1.9084740000000000e+00   0.0000000000000000e+00   7.0197039999999999e-01   8.9365399999999995e-01   2.3530110000000001e-01
   1.9135249999999999e+00   0.0000000000000000e+00   7.0128650000000003e-01   8.9484269999999999e-01   2.3550689999999999e-01
   1.9185760000000001e+00   0.0000000000000000e+00   7.0060199999999995e-01   8.9603250000000001e-01   2.3571100000000000e-01
   1.9236260000000001e+00   0.0000000000000000e+00   6.9991829999999999e-01   8.9722329999999995e-01   2.3591280000000001e-01
   1.9286770000000000e+00   0.0000000000000000e+00   6.9923570000000002e-01   8.9841499999999996e-01   2.3611180000000001e-01
   1.9337279999999999e+00   0.0000000000000000e+00   6.9855429999999996e-01   8.9960779999999996e-01   2.3630760000000001e-01
   1.9387790000000000e+00   0.0000000000000000e+00   6.9787420000000000e-01   9.0080159999999998e-01   2.3649990000000001e-01
   1.9438290000000000e+00   0.0000000000000000e+00   6.9719489999999995e-01   9.0199629999999997e-01   2.3668850000000000e-01
   1.9488799999999999e+00   0.0000000000000000e+00   6.9672630000000002e-01   9.0319780000000005e-01   2.3686689999999999e-01
   1.9539310000000001e+00   0.0000000000000000e+00   6.9606910000000000e-01   9.0439429999999998e-01   2.3704339999999999e-01
   1.9589820000000000e+00   0.0000000000000000e+00   6.9539960000000001e-01   9.0559179999999995e-01   2.3722050000000000e-01
   1.9640320000000000e+00   0.0000000000000000e+00   6.9472409999999996e-01   9.0679010000000004e-01   2.3739479999999999e-01
   1.9690829999999999e+00   0.0000000000000000e+00   6.9404509999999997e-01   9.0798930000000000e-01   2.3756459999999999e-01
   1.9741340000000001e+00   0.0000000000000000e+00   6.9336330000000002e-01   9.0918940000000004e-01   2.3772900000000000e-01
   1.9791850000000000e+00   0.0000000000000000e+00   6.9267880000000004e-01   9.1039029999999999e-01   2.3788740000000000e-01
   1.9842350000000000e+00   0.0000000000000000e+00   6.9199120000000003e-01   9.1159199999999996e-01   2.3803920000000001e-01
   1.9892860000000001e+00   0.0000000000000000e+00   6.9130009999999997e-01   9.1279440000000001e-01   2.3818420000000001e-01
   1.9943370000000000e+00   0.0000000000000000e+00   6.9086530000000002e-01   9.1400219999999999e-01   2.3831780000000000e-01
   1.9993879999999999e+00   0.0000000000000000e+00   6.9017790000000001e-01   9.1520599999999996e-01   2.3845100000000000e-01
   2.0044390000000001e+00   0.0000000000000000e+00   6.8947930000000002e-01   9.1641039999999996e-01   2.3857960000000000e-01
   2.0094889999999999e+00   0.0000000000000000e+00   6.8877180000000005e-01   9.1761550000000003e-01   2.3870030000000000e-01
   2.0145400000000002e+00   0.0000000000000000e+00   6.8805570000000005e-01   9.1882120000000000e-01   2.3881150000000001e-01
   2.0195910000000001e+00   0.0000000000000000e+00   6.8733069999999996e-01   9.2002750000000000e-01   2.3891270000000001e-01
   2.0246420000000001e+00   0.0000000000000000e+00   6.8659640000000000e-01   9.2123420000000000e-01   2.3900350000000001e-01
   2.0296919999999998e+00   0.0000000000000000e+00   6.8634980000000001e-01   9.2244669999999995e-01   2.3908879999999999e-01
   2.0347430000000002e+00   0.0000000000000000e+00   6.8558839999999999e-01   9.2365430000000004e-01   2.3916780000000001e-01
   2.0397940000000001e+00   0.0000000000000000e+00   6.8480390000000002e-01   9.2486230000000003e-01   2.3923230000000001e-01
   2.0448450000000000e+00   0.0000000000000000e+00   6.8400399999999995e-01   9.2607050000000002e-01   2.3928050000000001e-01
   2.0498949999999998e+00   0.0000000000000000e+00   6.8319169999999996e-01   9.2727899999999996e-01   2.3931279999999999e-01
   2.0549460000000002e+00   0.0000000000000000e+00   6.8236799999999997e-01   9.2848759999999997e-01   2.3933019999999999e-01
   2.0599970000000001e+00   0.0000000000000000e+00   6.8153300000000006e-01   9.2969619999999997e-01   2.3933320000000000e-01
   2.0650480000000000e+00   0.0000000000000000e+00   6.8068580000000001e-01   9.3090490000000004e-01   2.3932190000000000e-01
   2.0700980000000002e+00   0.0000000000000000e+00   6.7982540000000002e-01   9.3211339999999998e-01   2.3929590000000001e-01
   2.0751490000000001e+00   0.0000000000000000e+00   6.7946490000000004e-01   9.3332420000000005e-01   2.3927880000000001e-01
   2.0802000000000000e+00   0.0000000000000000e+00   6.7863810000000002e-01   9.3453249999999999e-01   2.3923659999999999e-01
   2.0852510000000000e+00   0.0000000000000000e+00   6.7778550000000004e-01   9.3574049999999998e-01   2.3917310000000000e-01
   2.0903010000000002e+00   0.0000000000000000e+00   6.7690839999999997e-01   9.3694820000000001e-01   2.3908699999999999e-01
   2.0953520000000001e+00   0.0000000000000000e+00   6.7600810000000000e-01   9.3815539999999997e-01   2.3897769999999999e-01
   2.1004030000000000e+00   0.0000000000000000e+00   6.7508630000000003e-01   9.3936200000000003e-01   2.3884590000000000e-01
   2.1054539999999999e+00   0.0000000000000000e+00   6.7459820000000004e-01   9.4057069999999998e-01   2.3870449999999999e-01
   2.1105049999999999e+00   0.0000000000000000e+00   6.7362160000000004e-01   9.4177590000000000e-01   2.3853250000000001e-01
   2.1155550000000001e+00   0.0000000000000000e+00   6.7262480000000002e-01   9.4298009999999999e-01   2.3833570000000001e-01
   2.1206060000000000e+00   0.0000000000000000e+00   6.7161079999999995e-01   9.4418320000000000e-01   2.3811640000000001e-01
   2.1256569999999999e+00   0.0000000000000000e+00   6.7058070000000003e-01   9.4538529999999998e-01   2.3787630000000001e-01
   2.1307079999999998e+00   0.0000000000000000e+00   6.6953510000000005e-01   9.4658600000000004e-01   2.3761640000000001e-01
   2.1357580000000000e+00   0.0000000000000000e+00   6.6847429999999997e-01   9.4778540000000000e-01   2.3733740000000000e-01
   2.1408090000000000e+00   0.0000000000000000e+00   6.6799770000000003e-01   9.4898610000000005e-01   2.3706189999999999e-01
   2.1458599999999999e+00   0.0000000000000000e+00   6.6691270000000002e-01   9.5018259999999999e-01   2.3675769999999999e-01
   2.1509109999999998e+00   0.0000000000000000e+00   6.6580580000000000e-01   9.5137760000000005e-01   2.3642669999999999e-01
   2.1559610000000000e+00   0.0000000000000000e+00   6.6468349999999998e-01   9.5257080000000005e-01   2.3607819999999999e-01
   2.1610119999999999e+00   0.0000000000000000e+00   6.6354809999999997e-01   9.5376229999999995e-01   2.3571629999999999e-01
   2.1660629999999998e+00   0.0000000000000000e+00   6.6240019999999999e-01   9.5495189999999996e-01   2.3534300000000000e-01
   2.1711140000000002e+00   0.0000000000000000e+00   6.6143189999999996e-01   9.5614160000000004e-01   2.3495079999999999e-01
   2.1761640000000000e+00   0.0000000000000000e+00   6.6029599999999999e-01   9.5732729999999999e-01   2.3456299999999999e-01
   2.1812149999999999e+00   0.0000000000000000e+00   6.5913900000000003e-01   9.5851100000000000e-01   2.3417360000000001e-01
   2.1862659999999998e+00   0.0000000000000000e+00   6.5796580000000005e-01   9.5969280000000001e-01   2.3377760000000000e-01
   2.1913170000000002e+00   0.0000000000000000e+00   6.5677799999999997e-01   9.6087250000000002e-01   2.3337630000000001e-01
   2.1963670000000000e+00   0.0000000000000000e+00   6.5595720000000002e-01   9.6205459999999998e-01   2.3297100000000001e-01
   2.2014179999999999e+00   0.0000000000000000e+00   6.5476959999999995e-01   9.6323029999999998e-01   2.3257130000000001e-01
   2.2064689999999998e+00   0.0000000000000000e+00   6.5355989999999997e-01   9.6440400000000004e-01   2.3217499999999999e-01
   2.2115200000000002e+00   0.0000000000000000e+00   6.5233819999999998e-01   9.6557570000000004e-01   2.3177819999999999e-01
   2.2165710000000001e+00   0.0000000000000000e+00   6.5110860000000004e-01   9.6674530000000003e-01   2.3138329999999999e-01
   2.2216209999999998e+00   0.0000000000000000e+00   6.5035589999999999e-01   9.6791919999999998e-01   2.3100419999999999e-01
   2.2266720000000002e+00   0.0000000000000000e+00   6.4911439999999998e-01   9.6908499999999997e-01   2.3062299999999999e-01
   2.2317230000000001e+00   0.0000000000000000e+00   6.4786109999999997e-01   9.7024889999999997e-01   2.3024300000000000e-01
   2.2367740000000000e+00   0.0000000000000000e+00   6.4660519999999999e-01   9.7141080000000002e-01   2.2986630000000000e-01
   2.2418239999999998e+00   0.0000000000000000e+00   6.4571979999999995e-01   9.7257629999999995e-01   2.2950509999999999e-01
   2.2468750000000002e+00   0.0000000000000000e+00   6.4448340000000004e-01   9.7373460000000001e-01   2.2914630000000000e-01
   2.2519260000000001e+00   0.0000000000000000e+00   6.4324049999999999e-01   9.7489099999999995e-01   2.2878989999999999e-01
   2.2569770000000000e+00   0.0000000000000000e+00   6.4204919999999999e-01   9.7604460000000004e-01   2.2843160000000001e-01
   2.2620269999999998e+00   0.0000000000000000e+00   6.4083760000000001e-01   9.7719750000000005e-01   2.2809209999999999e-01
   2.2670780000000001e+00   0.0000000000000000e+00   6.3961690000000004e-01   9.7834869999999996e-01   2.2775390000000001e-01
   2.2721290000000001e+00   0.0000000000000000e+00   6.3873040000000003e-01   9.7950470000000001e-01   2.2740910000000000e-01
   2.2771800000000000e+00   0.0000000000000000e+00   6.3752080000000000e-01   9.8065239999999998e-01   2.2708529999999999e-01
   2.2822300000000002e+00   0.0000000000000000e+00   6.3629619999999998e-01   9.8179859999999997e-01   2.2677069999999999e-01
   2.2872810000000001e+00   0.0000000000000000e+00   6.3506799999999997e-01   9.8294320000000002e-01   2.2645520000000000e-01
   2.2923320000000000e+00   0.0000000000000000e+00   6.3423229999999997e-01   9.8409279999999999e-01   2.2613190000000000e-01
   2.2973830000000000e+00   0.0000000000000000e+00   6.3300840000000003e-01   9.8523410000000000e-01   2.2583030000000001e-01
   2.3024339999999999e+00   0.0000000000000000e+00   6.3178080000000003e-01   9.8637399999999997e-01   2.2552860000000000e-01
   2.3074840000000001e+00   0.0000000000000000e+00   6.3089729999999999e-01   9.8752010000000001e-01   2.2522660000000000e-01
   2.3125350000000000e+00   0.0000000000000000e+00   6.2968769999999996e-01   9.8865689999999995e-01   2.2494100000000000e-01
   2.3175859999999999e+00   0.0000000000000000e+00   6.2847399999999998e-01   9.8979229999999996e-01   2.2465900000000000e-01
   2.3226369999999998e+00   0.0000000000000000e+00   6.2750750000000000e-01   9.9093180000000003e-01   2.2436890000000001e-01
   2.3276870000000001e+00   0.0000000000000000e+00   6.2634449999999997e-01   9.9206430000000001e-01   2.2410020000000000e-01
   2.3327380000000000e+00   0.0000000000000000e+00   6.2516510000000003e-01   9.9319550000000001e-01   2.2383890000000001e-01
   2.3377889999999999e+00   0.0000000000000000e+00   6.2397990000000003e-01   9.9432540000000003e-01   2.2358040000000001e-01
   2.3428399999999998e+00   0.0000000000000000e+00   6.2312409999999996e-01   9.9546060000000003e-01   2.2331560000000000e-01
   2.3478900000000000e+00   0.0000000000000000e+00   6.2194369999999999e-01   9.9658789999999997e-01   2.2306989999999999e-01
   2.3529409999999999e+00   0.0000000000000000e+00   6.2106969999999995e-01   9.9772209999999995e-01   2.2281390000000001e-01
   2.3579919999999999e+00   0.0000000000000000e+00   6.1988639999999995e-01   9.9884689999999998e-01   2.2258110000000000e-01
   2.3630429999999998e+00   0.0000000000000000e+00   6.1869640000000004e-01   9.9997049999999998e-01   2.2234789999999999e-01
   2.3680930000000000e+00   0.0000000000000000e+00   6.1753400000000003e-01   1.0010920000000001e+00   2.2210469999999999e-01
   2.3731439999999999e+00   0.0000000000000000e+00   6.1638610000000005e-01   1.0022139999999999e+00   2.2188569999999999e-01
   2.3781949999999998e+00   0.0000000000000000e+00   6.1523390000000000e-01   1.0033339999999999e+00   2.2166859999999999e-01
   2.3832460000000002e+00   0.0000000000000000e+00   6.1408450000000003e-01   1.0044530000000000e+00   2.2145400000000001e-01
   2.3882960000000000e+00   0.0000000000000000e+00   6.1331049999999998e-01   1.0055790000000000e+00   2.2123499999999999e-01
   2.3933469999999999e+00   0.0000000000000000e+00   6.1216809999999999e-01   1.0066960000000000e+00   2.2103249999999999e-01
   2.3983979999999998e+00   0.0000000000000000e+00   6.1130609999999996e-01   1.0078199999999999e+00   2.2082969999999999e-01
   2.4034490000000002e+00   0.0000000000000000e+00   6.1016959999999998e-01   1.0089349999999999e+00   2.2063620000000000e-01
   2.4085000000000001e+00   0.0000000000000000e+00   6.0902639999999997e-01   1.0100480000000001e+00   2.2044410000000000e-01
   2.4135499999999999e+00   0.0000000000000000e+00   6.0788719999999996e-01   1.0111610000000000e+00   2.2025649999999999e-01
   2.4186009999999998e+00   0.0000000000000000e+00   6.0680719999999999e-01   1.0122730000000000e+00   2.2007540000000000e-01
   2.4236520000000001e+00   0.0000000000000000e+00   6.0570369999999996e-01   1.0133840000000001e+00   2.1990050000000000e-01
   2.4287030000000001e+00   0.0000000000000000e+00   6.0460219999999998e-01   1.0144940000000000e+00   2.1972870000000000e-01
   2.4337529999999998e+00   0.0000000000000000e+00   6.0382519999999995e-01   1.0156120000000000e+00   2.1954950000000001e-01
   2.4388040000000002e+00   0.0000000000000000e+00   6.0272409999999998e-01   1.0167200000000001e+00   2.1938550000000001e-01
   2.4438550000000001e+00   0.0000000000000000e+00   6.0162280000000001e-01   1.0178280000000000e+00   2.1922520000000001e-01
   2.4489060000000000e+00   0.0000000000000000e+00   6.0081620000000002e-01   1.0189420000000000e+00   2.1906650000000000e-01
   2.4539559999999998e+00   0.0000000000000000e+00   5.9974030000000000e-01   1.0200480000000001e+00   2.1891650000000001e-01
   2.4590070000000002e+00   0.0000000000000000e+00   5.9865999999999997e-01   1.0211530000000000e+00   2.1876970000000001e-01
   2.4640580000000001e+00   0.0000000000000000e+00   5.9786059999999996e-01   1.0222659999999999e+00   2.1862719999999999e-01
   2.4691090000000000e+00   0.0000000000000000e+00   5.9677910000000001e-01   1.0233699999999999e+00   2.1848650000000000e-01
   2.4741590000000002e+00   0.0000000000000000e+00   5.9569830000000001e-01   1.0244730000000000e+00   2.1834670000000000e-01
   2.4792100000000001e+00   0.0000000000000000e+00   5.9465590000000002e-01   1.0255749999999999e+00   2.1821240000000000e-01
   2.4842610000000001e+00   0.0000000000000000e+00   5.9361549999999996e-01   1.0266770000000001e+00   2.1808680000000000e-01
   2.4893120000000000e+00   0.0000000000000000e+00   5.9257360000000003e-01   1.0277780000000001e+00   2.1796170000000001e-01
   2.4943620000000002e+00   0.0000000000000000e+00   5.9180239999999995e-01   1.0288880000000000e+00   2.1783410000000000e-01
   2.4994130000000001e+00   0.0000000000000000e+00   5.9078660000000005e-01   1.0299879999999999e+00   2.1771080000000001e-01
   2.5044640000000000e+00   0.0000000000000000e+00   5.8976170000000006e-01   1.0310870000000001e+00   2.1759380000000000e-01
   2.5095149999999999e+00   0.0000000000000000e+00   5.8877279999999999e-01   1.0321860000000000e+00   2.1747780000000000e-01
   2.5145659999999999e+00   0.0000000000000000e+00   5.8778039999999998e-01   1.0332840000000001e+00   2.1737180000000000e-01
   2.5196160000000001e+00   0.0000000000000000e+00   5.8677610000000002e-01   1.0343819999999999e+00   2.1726540000000000e-01
   2.5246670000000000e+00   0.0000000000000000e+00   5.8607620000000005e-01   1.0354880000000000e+00   2.1716009999999999e-01
   2.5297179999999999e+00   0.0000000000000000e+00   5.8507140000000002e-01   1.0365850000000001e+00   2.1705790000000000e-01
   2.5347689999999998e+00   0.0000000000000000e+00   5.8405730000000000e-01   1.0376810000000001e+00   2.1695829999999999e-01
   2.5398190000000000e+00   0.0000000000000000e+00   5.8307430000000005e-01   1.0387759999999999e+00   2.1686120000000000e-01
   2.5448700000000000e+00   0.0000000000000000e+00   5.8209040000000001e-01   1.0398710000000000e+00   2.1676899999999999e-01
   2.5499209999999999e+00   0.0000000000000000e+00   5.8110340000000005e-01   1.0409649999999999e+00   2.1667739999999999e-01
   2.5549719999999998e+00   0.0000000000000000e+00   5.8041750000000003e-01   1.0420689999999999e+00   2.1658220000000000e-01
   2.5600220000000000e+00   0.0000000000000000e+00   5.7943590000000000e-01   1.0431630000000001e+00   2.1649510000000000e-01
   2.5650729999999999e+00   0.0000000000000000e+00   5.7845259999999998e-01   1.0442560000000001e+00   2.1641060000000001e-01
   2.5701239999999999e+00   0.0000000000000000e+00   5.7747210000000004e-01   1.0453490000000001e+00   2.1632720000000000e-01
   2.5751750000000002e+00   0.0000000000000000e+00   5.7671980000000000e-01   1.0464490000000000e+00   2.1624360000000001e-01
   2.5802250000000000e+00   0.0000000000000000e+00   5.7575739999999997e-01   1.0475410000000001e+00   2.1616750000000001e-01
   2.5852759999999999e+00   0.0000000000000000e+00   5.7479510000000000e-01   1.0486320000000000e+00   2.1609270000000000e-01
   2.5903269999999998e+00   0.0000000000000000e+00   5.7404940000000004e-01   1.0497310000000000e+00   2.1601490000000001e-01
   2.5953780000000002e+00   0.0000000000000000e+00   5.7311089999999998e-01   1.0508219999999999e+00   2.1594450000000001e-01
   2.6004290000000001e+00   0.0000000000000000e+00   5.7216739999999999e-01   1.0519120000000000e+00   2.1587650000000000e-01
   2.6054789999999999e+00   0.0000000000000000e+00   5.7122450000000002e-01   1.0530029999999999e+00   2.1580880000000000e-01
   2.6105299999999998e+00   0.0000000000000000e+00   5.7051269999999998e-01   1.0541000000000000e+00   2.1574009999999999e-01
   2.6155810000000002e+00   0.0000000000000000e+00   5.6958889999999995e-01   1.0551889999999999e+00   2.1567850000000000e-01
   2.6206320000000001e+00   0.0000000000000000e+00   5.6866329999999998e-01   1.0562780000000001e+00   2.1561710000000001e-01
   2.6256819999999998e+00   0.0000000000000000e+00   5.6797609999999998e-01   1.0573760000000001e+00   2.1555540000000001e-01
   2.6307330000000002e+00   0.0000000000000000e+00   5.6705039999999995e-01   1.0584650000000000e+00   2.1549560000000001e-01
   2.6357840000000001e+00   0.0000000000000000e+00   5.6612309999999999e-01   1.0595530000000000e+00   2.1543550000000000e-01
   2.6408350000000000e+00   0.0000000000000000e+00   5.6522159999999999e-01   1.0606409999999999e+00   2.1537640000000000e-01
   2.6458849999999998e+00   0.0000000000000000e+00   5.6433480000000003e-01   1.0617280000000000e+00   2.1532330000000000e-01
   2.6509360000000002e+00   0.0000000000000000e+00   5.6344399999999994e-01   1.0628160000000000e+00   2.1527019999999999e-01
   2.6559870000000001e+00   0.0000000000000000e+00   5.6269829999999998e-01   1.0639110000000001e+00   2.1521670000000001e-01
   2.6610380000000000e+00   0.0000000000000000e+00   5.6183519999999998e-01   1.0649970000000000e+00   2.1515899999999999e-01
   2.6660879999999998e+00   0.0000000000000000e+00   5.6096259999999998e-01   1.0660840000000000e+00   2.1510920000000000e-01
   2.6711390000000002e+00   0.0000000000000000e+00   5.6011100000000003e-01   1.0671710000000001e+00   2.1505869999999999e-01
   2.6761900000000001e+00   0.0000000000000000e+00   5.5926180000000003e-01   1.0682570000000000e+00   2.1501439999999999e-01
   2.6812410000000000e+00   0.0000000000000000e+00   5.5840259999999997e-01   1.0693429999999999e+00   2.1497060000000001e-01
   2.6862910000000002e+00   0.0000000000000000e+00   5.5754210000000004e-01   1.0704279999999999e+00   2.1492500000000000e-01
   2.6913420000000001e+00   0.0000000000000000e+00   5.5693380000000003e-01   1.0715239999999999e+00   2.1487539999999999e-01
   2.6963930000000000e+00   0.0000000000000000e+00   5.5607379999999995e-01   1.0726089999999999e+00   2.1483200000000000e-01
   2.7014440000000000e+00   0.0000000000000000e+00   5.5521350000000003e-01   1.0736939999999999e+00   2.1478870000000000e-01
   2.7064949999999999e+00   0.0000000000000000e+00   5.5454630000000005e-01   1.0747869999999999e+00   2.1474480000000001e-01
   2.7115450000000001e+00   0.0000000000000000e+00   5.5371930000000003e-01   1.0758719999999999e+00   2.1470259999999999e-01
   2.7165960000000000e+00   0.0000000000000000e+00   5.5288159999999997e-01   1.0769560000000000e+00   2.1466460000000001e-01
   2.7216469999999999e+00   0.0000000000000000e+00   5.5204180000000003e-01   1.0780400000000001e+00   2.1462580000000001e-01
   2.7266979999999998e+00   0.0000000000000000e+00   5.5138810000000005e-01   1.0791320000000000e+00   2.1458469999999999e-01
   2.7317480000000001e+00   0.0000000000000000e+00   5.5057449999999997e-01   1.0802160000000001e+00   2.1454889999999999e-01
   2.7367990000000000e+00   0.0000000000000000e+00   5.4975300000000005e-01   1.0812990000000000e+00   2.1451500000000001e-01
   2.7418499999999999e+00   0.0000000000000000e+00   5.4893029999999998e-01   1.0823820000000000e+00   2.1448000000000000e-01
   2.7469009999999998e+00   0.0000000000000000e+00   5.4828160000000004e-01   1.0834740000000000e+00   2.1443870000000001e-01
   2.7519510000000000e+00   0.0000000000000000e+00   5.4747239999999997e-01   1.0845570000000000e+00   2.1440490000000001e-01
   2.7570020000000000e+00   0.0000000000000000e+00   5.4666049999999999e-01   1.0856390000000000e+00   2.1437260000000000e-01
   2.7620529999999999e+00   0.0000000000000000e+00   5.4584980000000005e-01   1.0867220000000000e+00   2.1433940000000001e-01
   2.7671039999999998e+00   0.0000000000000000e+00   5.4530990000000001e-01   1.0878150000000000e+00   2.1431239999999999e-01
   2.7721540000000000e+00   0.0000000000000000e+00   5.4451170000000004e-01   1.0888970000000000e+00   2.1428320000000001e-01
   2.7772049999999999e+00   0.0000000000000000e+00   5.4371150000000001e-01   1.0899790000000000e+00   2.1425110000000000e-01
   2.7822559999999998e+00   0.0000000000000000e+00   5.4305789999999998e-01   1.0910700000000000e+00   2.1421570000000001e-01
   2.7873070000000002e+00   0.0000000000000000e+00   5.4228050000000005e-01   1.0921520000000000e+00   2.1418530000000000e-01
   2.7923570000000000e+00   0.0000000000000000e+00   5.4150089999999995e-01   1.0932329999999999e+00   2.1415570000000000e-01
   2.7974079999999999e+00   0.0000000000000000e+00   5.4072249999999999e-01   1.0943149999999999e+00   2.1412560000000000e-01
   2.8024589999999998e+00   0.0000000000000000e+00   5.4016299999999995e-01   1.0954060000000001e+00   2.1409629999999999e-01
   2.8075100000000002e+00   0.0000000000000000e+00   5.3937970000000002e-01   1.0964870000000000e+00   2.1406760000000000e-01
   2.8125610000000001e+00   0.0000000000000000e+00   5.3859869999999999e-01   1.0975680000000001e+00   2.1403770000000000e-01
   2.8176109999999999e+00   0.0000000000000000e+00   5.3782229999999998e-01   1.0986490000000000e+00   2.1400659999999999e-01
   2.8226619999999998e+00   0.0000000000000000e+00   5.3729890000000002e-01   1.0997399999999999e+00   2.1398260000000000e-01
   2.8277130000000001e+00   0.0000000000000000e+00   5.3652880000000003e-01   1.1008210000000000e+00   2.1395549999999999e-01
   2.8327640000000001e+00   0.0000000000000000e+00   5.3576069999999998e-01   1.1019010000000000e+00   2.1392670000000000e-01
   2.8378139999999998e+00   0.0000000000000000e+00   5.3499710000000000e-01   1.1029819999999999e+00   2.1389639999999999e-01
   2.8428650000000002e+00   0.0000000000000000e+00   5.3428310000000001e-01   1.1040620000000001e+00   2.1387500000000001e-01
   2.8479160000000001e+00   0.0000000000000000e+00   5.3355039999999998e-01   1.1051420000000001e+00   2.1385170000000001e-01
   2.8529670000000000e+00   0.0000000000000000e+00   5.3281740000000000e-01   1.1062220000000000e+00   2.1382650000000000e-01
   2.8580169999999998e+00   0.0000000000000000e+00   5.3223770000000004e-01   1.1073120000000001e+00   2.1379260000000000e-01
   2.8630680000000002e+00   0.0000000000000000e+00   5.3152120000000003e-01   1.1083920000000000e+00   2.1376760000000000e-01
   2.8681190000000001e+00   0.0000000000000000e+00   5.3080059999999996e-01   1.1094710000000001e+00   2.1374360000000001e-01
   2.8731700000000000e+00   0.0000000000000000e+00   5.3031459999999997e-01   1.1105620000000000e+00   2.1371899999999999e-01
   2.8782199999999998e+00   0.0000000000000000e+00   5.2959080000000003e-01   1.1116410000000001e+00   2.1369640000000001e-01
   2.8832710000000001e+00   0.0000000000000000e+00   5.2886440000000001e-01   1.1127199999999999e+00   2.1367269999999999e-01
   2.8883220000000001e+00   0.0000000000000000e+00   5.2813920000000003e-01   1.1137990000000000e+00   2.1364680000000000e-01
   2.8933730000000000e+00   0.0000000000000000e+00   5.2759360000000000e-01   1.1148870000000000e+00   2.1362049999999999e-01
   2.8984239999999999e+00   0.0000000000000000e+00   5.2687940000000000e-01   1.1159660000000000e+00   2.1359710000000001e-01
   2.9034740000000001e+00   0.0000000000000000e+00   5.2616529999999995e-01   1.1170450000000001e+00   2.1357319999999999e-01
   2.9085250000000000e+00   0.0000000000000000e+00   5.2571970000000001e-01   1.1181350000000001e+00   2.1356130000000001e-01
   2.9135759999999999e+00   0.0000000000000000e+00   5.2502199999999999e-01   1.1192130000000000e+00   2.1354280000000000e-01
   2.9186269999999999e+00   0.0000000000000000e+00   5.2432129999999999e-01   1.1202920000000001e+00   2.1352130000000000e-01
   2.9236770000000001e+00   0.0000000000000000e+00   5.2381180000000005e-01   1.1213810000000000e+00   2.1349879999999999e-01
   2.9287280000000000e+00   0.0000000000000000e+00   5.2311430000000003e-01   1.1224600000000000e+00   2.1347279999999999e-01
   2.9337789999999999e+00   0.0000000000000000e+00   5.2241119999999996e-01   1.1235379999999999e+00   2.1344869999999999e-01
   2.9388299999999998e+00   0.0000000000000000e+00   5.2171049999999997e-01   1.1246160000000001e+00   2.1342290000000000e-01
   2.9438800000000001e+00   0.0000000000000000e+00   5.2104839999999997e-01   1.1256940000000000e+00   2.1340360000000000e-01
   2.9489310000000000e+00   0.0000000000000000e+00   5.2037279999999997e-01   1.1267720000000001e+00   2.1338240000000000e-01
   2.9539819999999999e+00   0.0000000000000000e+00   5.1969929999999998e-01   1.1278490000000001e+00   2.1335940000000000e-01
   2.9590329999999998e+00   0.0000000000000000e+00   5.1925900000000003e-01   1.1289389999999999e+00   2.1333669999999999e-01
   2.9640830000000000e+00   0.0000000000000000e+00   5.1859610000000000e-01   1.1300159999999999e+00   2.1331620000000001e-01
   2.9691339999999999e+00   0.0000000000000000e+00   5.1793029999999995e-01   1.1310940000000000e+00   2.1329490000000001e-01
   2.9741849999999999e+00   0.0000000000000000e+00   5.1752790000000004e-01   1.1321840000000001e+00   2.1327540000000000e-01
   2.9792360000000002e+00   0.0000000000000000e+00   5.1686949999999998e-01   1.1332610000000001e+00   2.1325849999999999e-01
   2.9842860000000000e+00   0.0000000000000000e+00   5.1620730000000004e-01   1.1343380000000001e+00   2.1323909999999999e-01
   2.9893369999999999e+00   0.0000000000000000e+00   5.1554520000000004e-01   1.1354139999999999e+00   2.1321699999999999e-01
   2.9943879999999998e+00   0.0000000000000000e+00   5.1510670000000003e-01   1.1365040000000000e+00   2.1319569999999999e-01
   2.9994390000000002e+00   0.0000000000000000e+00   5.1444360000000000e-01   1.1375800000000000e+00   2.1317500000000000e-01
